n:			20
deposito:		1
clusters:		7
factor:			1

xcoord[n]:
159
202
219
285
303
310
365
380
404
428
479
488
512
535
577
587
620
637
712
735

ycoord[n]:
206
298
139
230
349
101
167
266
378
79
198
298
398
85
189
293
404
129
332
209

color[n]:
#24db49
#6d92db
#49b692
#6d92db
#6d92db
#49b692
#49b692
#926d24
#6d92db
#b6496d
#926d24
#926d24
#926d24
#b6496d
#b6496d
#db24b6
#db24b6
#b6496d
#ff00
#ff00



Np[1]:		1	;
Np[2]: 3 6 7	;
Np[3]: 2 4 5 9	;
Np[4]: 8 11 12 13	;
Np[5]: 10 14 15 18	;
Np[6]: 16 17	;
Np[7]: 19 20	;

c[n,n]:
101.552942
89.938868
128.265350
214.698865
188.554283
230.093637
229.857673
319.779787
308.587611
348.233385
342.498695
429.616028
415.755704
446.645782
441.624877
537.782567
526.841256
572.567613
605.906575
101.552942
191.491810
107.298649
113.145923
290.107225
209.126935
208.890971
218.226845
317.353549
327.266683
321.531994
328.063086
424.521642
425.679081
420.658176
436.229625
510.531895
551.600912
584.939873
89.938868
191.491810
112.414412
304.637734
98.615415
148.660687
214.006734
328.549303
218.648743
266.800435
326.647757
429.487438
325.816836
365.212833
425.773939
537.653976
436.902388
556.716675
524.473625
128.265350
107.298649
112.414412
214.808929
187.741033
101.828287
101.592323
216.134891
210.054901
219.968035
214.233345
317.073026
317.222993
318.380432
313.359527
425.239565
403.233246
444.302263
477.641225
214.698865
113.145923
304.637734
214.808929
299.259269
213.346522
113.216607
105.080921
321.573136
233.320728
221.080921
214.917163
359.435755
331.733126
320.207103
323.083701
416.585939
439.908356
490.383483
188.554283
290.107225
98.615415
187.741033
299.259269
85.912746
186.042662
300.585231
120.033329
204.052494
298.683685
401.523366
227.201421
302.464892
397.809867
509.689904
338.286974
528.752603
461.725684
230.093637
209.126935
148.660687
101.828287
213.346522
85.912746
100.129916
214.672484
108.226614
118.139748
212.770938
315.610619
215.394706
216.552145
311.897121
423.777158
301.404959
442.839856
375.812938
229.857673
208.890971
214.006734
101.592322
113.216607
186.042662
100.129916
114.542569
208.356530
120.104122
112.641023
215.480704
246.219148
218.516519
211.767205
323.647242
303.369333
342.709941
377.777311
319.779787
218.226845
328.549303
216.134891
105.080921
300.585231
214.672484
114.542569
322.899098
216.404183
116.000000
109.836242
342.519210
256.719579
215.126182
218.002780
341.572393
334.827435
385.302561
308.587611
317.353549
218.648743
210.054901
321.573136
120.033329
108.226614
208.356530
322.899098
129.468143
229.872326
332.712007
107.168092
219.328691
323.808355
439.609909
218.253645
454.751090
344.760562
348.233385
327.266683
266.800435
219.968035
233.320728
204.052494
118.139748
120.104122
216.404183
129.468143
100.404183
203.243864
126.115027
98.412398
199.530365
311.410403
183.265211
330.473101
257.673190
342.498695
321.531994
326.647757
214.233345
221.080921
298.683685
212.770938
112.641023
116.000000
229.872326
100.404183
102.839681
226.519210
140.719579
99.126182
211.006219
225.572393
230.068918
269.302561
429.616028
328.063086
429.487438
317.073026
214.917163
401.523366
315.610619
215.480704
109.836242
332.712007
203.243864
102.839681
329.358891
233.514542
129.034879
108.166538
318.367356
224.991193
299.211258
415.755704
424.521642
325.816836
317.222993
359.435755
227.201421
215.394706
246.219148
342.519210
107.168092
126.115027
226.519210
329.358891
112.160599
216.640262
332.441817
111.085553
347.582998
237.592469
446.645782
425.679081
365.212833
318.380432
331.733126
302.464892
216.552145
218.516519
256.719579
219.328691
98.412398
140.719579
233.514542
112.160599
104.479663
220.281217
84.852814
235.422399
159.260792
441.624877
420.658176
425.773939
313.359527
320.207103
397.809867
311.897121
211.767205
215.126182
323.808355
199.530365
99.126182
129.034879
216.640262
104.479663
115.801554
189.332477
130.942736
170.176379
537.782567
436.229625
537.653976
425.239565
323.083701
509.689904
423.777158
323.647242
218.002780
439.609909
311.410403
211.006219
108.166538
332.441817
220.281217
115.801554
305.134031
116.824655
241.956585
526.841256
510.531895
436.902388
403.233246
416.585939
338.286974
301.404959
303.369333
341.572393
218.253645
183.265211
225.572393
318.367356
111.085553
84.852814
189.332477
305.134031
251.638847
126.506917
572.567613
551.600912
556.716675
444.302263
439.908356
528.752603
442.839856
342.709941
334.827435
454.751090
330.473101
230.068918
224.991193
347.582998
235.422399
130.942736
116.824655
251.638847
125.131930
605.906575
584.939873
524.473625
477.641225
490.383483
461.725684
375.812938
377.777311
385.302561
344.760562
257.673190
269.302561
299.211258
237.592469
159.260792
170.176379
241.956585
126.506917
125.131930

