n: 14
deposito: 5
clusters: 3
factor: 1

xcoord[n]:
16.47
16.47
20.09
22.39
25.23
22.0
20.47
17.2
16.3
14.05
16.53
21.52
19.41
20.09

ycoord[n]:
96.1
94.44
92.54
93.37
97.24
96.05
97.02
96.29
97.38
98.12
97.38
95.59
97.13
94.55

color[n]:
#78270c
#a79efc
#a79efc
#a79efc
#11f0af
#a79efc
#a79efc
#78270c
#78270c
#78270c
#78270c
#a79efc
#a79efc
#a79efc

Np[1]: 5  ;
Np[2]: 1 8 9 10 11  ;
Np[3]: 2 3 4 6 7 12 13 14  ;


c[n,n]:
	1.66	5.08	6.52	8.83	5.53	4.1	0.75	1.29	3.15	1.28	5.08	3.12	3.94	
1.66		4.09	6.02	9.2	5.76	4.76	1.99	2.94	4.4	2.94	5.18	3.98	3.62	
5.08	4.09		2.45	6.96	4.0	4.5	4.73	6.15	8.22	6.01	3.37	4.64	2.01	
6.52	6.02	2.45		4.8	2.71	4.12	5.96	7.29	9.6	7.1	2.38	4.8	2.59	
8.83	9.2	6.96	4.8		3.44	4.77	8.09	8.93	11.21	8.7	4.06	5.82	5.8	
5.53	5.76	4.0	2.71	3.44		1.81	4.81	5.85	8.22	5.63	0.66	2.81	2.43	
4.1	4.76	4.5	4.12	4.77	1.81		3.35	4.19	6.51	3.96	1.77	1.07	2.5	
0.75	1.99	4.73	5.96	8.09	4.81	3.35		1.41	3.64	1.28	4.38	2.36	3.37	
1.29	2.94	6.15	7.29	8.93	5.85	4.19	1.41		2.37	0.23	5.52	3.12	4.73	
3.15	4.4	8.22	9.6	11.21	8.22	6.51	3.64	2.37		2.59	7.89	5.45	7.02	
1.28	2.94	6.01	7.1	8.7	5.63	3.96	1.28	0.23	2.59		5.3	2.89	4.55	
5.08	5.18	3.37	2.38	4.06	0.66	1.77	4.38	5.52	7.89	5.3		2.61	1.77	
3.12	3.98	4.64	4.8	5.82	2.81	1.07	2.36	3.12	5.45	2.89	2.61		2.67	
3.94	3.62	2.01	2.59	5.8	2.43	2.5	3.37	4.73	7.02	4.55	1.77	2.67		
