n: 96
deposito: 95
clusters: 20
factor: 1

xcoord[n]:
14.55
28.06
32.38
31.38
33.39
34.02
34.05
35.48
35.43
36.47
22.56
36.22
36.48
34.44
32.54
32.07
31.12
31.16
29.58
30.03
24.05
19.37
15.36
13.11
13.38
15.2
9.0
11.36
18.06
14.4
13.28
11.51
16.46
12.39
10.23
9.31
8.3
6.18
5.19
6.41
5.33
6.08
6.29
12.22
13.31
12.0
11.51
12.07
6.27
6.27
0.2
3.45
3.52
4.22
0.23
-4.16
-4.18
0.04
-5.54
0.3
-3.23
-1.57
0.19
-1.17
2.01
-4.03
-6.1
-6.48
-8.48
-12.44
-11.4
-12.49
-15.25
-20.09
-17.5
-15.47
-19.49
-25.58
-15.57
-37.15
-22.59
-22.34
-26.38
-24.45
-25.45
-26.15
-29.12
-29.55
-33.0
-33.58
-33.55
-23.21
-18.55
-12.16
-20.1
-4.38

ycoord[n]:
-23.31
-15.24
-16.54
-8.0
-7.35
-6.51
-4.57
-5.45
-0.43
3.03
5.3
6.37
10.11
10.46
13.11
20.04
29.54
32.18
32.33
31.15
32.53
37.14
32.32
30.13
25.21
38.53
38.5
43.09
-15.57
-17.26
-16.39
-15.35
-3.01
-8.0
-9.18
-13.43
-13.15
-10.47
-4.02
-1.35
-0.13
1.13
2.37
-1.31
2.07
8.3
13.1
15.03
3.24
7.27
6.44
8.47
11.31
18.35
9.27
15.17
15.18
18.16
22.25
25.12
29.22
30.04
32.25
36.49
45.2
39.4
39.11
39.17
13.14
15.47
27.28
28.13
28.17
28.36
31.03
35.0
34.52
32.35
-5.42
-12.3
14.31
17.06
15.1
25.55
28.1
28.0
26.07
30.56
27.55
25.4
18.22
43.4
47.31
49.17
57.3
55.27

color[n]:
#a336e0
#ae8d11
#ae8d11
#ae8d11
#ae8d11
#ae8d11
#ae8d11
#ae8d11
#d5d177
#d5d177
#d72122
#d5d177
#d5d177
#d5d177
#d5d177
#d5d177
#29a29d
#29a29d
#29a29d
#29a29d
#729ee1
#729ee1
#729ee1
#729ee1
#a5077f
#729ee1
#729ee1
#729ee1
#a336e0
#a336e0
#a336e0
#733bca
#d72122
#733bca
#733bca
#733bca
#733bca
#733bca
#dbf99a
#dbf99a
#dbf99a
#dbf99a
#dbf99a
#dbf99a
#dbf99a
#a5077f
#a5077f
#a5077f
#dbf99a
#dbf99a
#dbf99a
#dbf99a
#a5077f
#844b9c
#dbf99a
#64dc1a
#64dc1a
#844b9c
#844b9c
#844b9c
#844b9c
#844b9c
#844b9c
#88e934
#88e934
#88e934
#88e934
#88e934
#64dc1a
#64dc1a
#16907d
#16907d
#16907d
#16907d
#16907d
#16907d
#16907d
#9df53e
#e10250
#8875b
#d9f24a
#d9f24a
#d9f24a
#9df53e
#9df53e
#9df53e
#9df53e
#9df53e
#9df53e
#9df53e
#9df53e
#b9f8e2
#b9f8e2
#866710
#1a78e7
#866710

Np[1]: 95  ;
Np[2]: 2 3 4 5 6 7 8  ;
Np[3]: 80  ;
Np[4]: 21 22 23 24 26 27 28  ;
Np[5]: 56 57 69 70  ;
Np[6]: 78 84 85 86 87 88 89 90 91  ;
Np[7]: 32 34 35 36 37 38  ;
Np[8]: 9 10 12 13 14 15 16  ;
Np[9]: 64 65 66 67 68  ;
Np[10]: 25 46 47 48 53  ;
Np[11]: 79  ;
Np[12]: 71 72 73 74 75 76 77  ;
Np[13]: 94 96  ;
Np[14]: 1 29 30 31  ;
Np[15]: 54 58 59 60 61 62 63  ;
Np[16]: 81 82 83  ;
Np[17]: 17 18 19 20  ;
Np[18]: 39 40 41 42 43 44 45 49 50 51 52 55  ;
Np[19]: 92 93  ;
Np[20]: 11 33  ;


c[n,n]:
	15.74	19.07	22.75	24.69	25.72	27.05	27.51	30.98	34.27	29.71	36.75	39.97	39.19	40.62	46.76	55.39	57.92	57.63	56.62	56.64	60.64	55.64	53.46	48.53	61.84	62.06	66.48	8.5	6.05	7.04	8.52	20.39	15.46	14.78	11.18	11.93	15.33	21.44	23.42	24.95	25.87	26.98	22.12	25.41	31.71	36.54	38.42	27.81	31.68	33.03	33.66	36.33	42.92	35.59	42.79	42.81	43.94	49.79	50.48	55.46	55.73	57.39	61.83	69.65	65.4	65.75	65.92	43.12	47.25	56.86	58.11	59.48	62.21	63.09	65.58	67.1	68.62	35.03	52.86	52.86	54.69	56.13	62.52	65.14	65.49	65.92	69.62	69.63	68.48	63.55	76.66	77.99	77.24	87.74	80.83	
15.74		4.51	7.96	9.52	10.57	12.24	12.28	16.54	20.11	21.26	23.1	26.71	26.48	28.7	35.51	44.88	47.52	47.59	46.43	47.94	53.1	49.23	47.77	43.03	55.29	57.02	60.67	10.01	13.81	14.82	16.55	16.86	17.26	18.83	18.84	19.87	22.39	25.47	25.72	27.29	27.41	28.0	21.09	22.74	28.5	32.82	34.23	28.57	31.33	35.3	34.17	36.15	41.19	37.08	44.3	44.33	43.6	50.34	48.99	54.37	54.11	55.06	59.42	65.81	63.37	64.19	64.45	46.27	50.83	58.01	59.37	61.32	64.96	64.94	66.47	68.83	71.71	44.72	65.28	58.64	59.86	62.32	66.49	68.86	69.34	70.54	73.6	74.56	73.83	70.11	77.89	78.01	75.94	87.07	77.61	
19.07	4.51		8.6	9.25	10.16	12.09	11.52	16.4	19.99	23.95	23.23	26.96	27.08	29.65	36.58	46.1	48.74	48.95	47.75	49.77	55.23	51.74	50.49	45.87	57.69	59.8	63.23	14.35	17.99	19.1	20.9	20.89	21.74	23.34	23.28	24.32	26.89	29.93	30.09	31.64	31.68	32.22	25.27	26.65	32.13	36.25	37.54	32.76	35.34	39.54	38.24	40.11	44.84	41.23	48.38	48.4	47.43	54.25	52.58	57.98	57.64	58.45	62.75	68.81	66.75	67.66	67.92	50.5	55.08	61.94	63.31	65.33	69.06	68.93	70.33	72.78	75.83	49.22	69.66	63.04	64.21	66.74	70.72	73.06	73.55	74.82	77.81	78.86	78.16	74.53	81.75	81.67	79.38	90.59	80.67	
22.75	7.96	8.6		2.11	3.03	4.35	4.83	8.59	12.15	15.96	15.16	18.81	18.71	21.14	28.05	37.54	40.18	40.37	39.17	41.19	46.71	43.39	42.28	37.77	49.26	51.61	54.87	15.32	19.34	19.95	21.19	15.73	18.99	21.18	22.73	23.65	25.32	26.49	25.84	27.21	26.9	27.15	20.29	20.69	25.32	28.98	30.05	27.51	29.39	34.36	32.42	33.9	37.84	35.62	42.43	42.45	40.82	47.73	45.42	50.82	50.33	50.92	55.13	60.77	59.17	60.2	60.48	45.12	49.71	55.45	56.83	59.01	63.02	62.55	63.59	66.3	69.8	47.02	68.66	58.4	59.28	62.21	65.14	67.33	67.87	69.43	72.11	73.54	73.04	70.02	74.98	74.51	71.86	83.15	72.68	
24.69	9.52	9.25	2.11		1.05	2.86	2.82	7.21	10.83	16.65	14.01	17.73	17.84	20.48	27.42	36.96	39.59	39.86	38.65	40.96	46.65	43.58	42.61	38.22	49.35	51.93	55.04	17.39	21.42	22.05	23.3	17.48	21.01	23.23	24.84	25.75	27.39	28.4	27.64	28.97	28.6	28.79	22.01	22.18	26.5	29.95	30.91	29.11	30.81	35.94	33.86	35.22	38.88	37.09	43.79	43.81	41.99	48.91	46.36	51.75	51.19	51.68	55.82	61.21	59.88	60.98	61.27	46.61	51.2	56.62	58.0	60.23	64.31	63.74	64.66	67.45	71.09	49.0	70.71	60.02	60.84	63.85	66.54	68.69	69.24	70.88	73.48	75.0	74.55	71.66	76.02	75.4	72.59	83.91	73.13	
25.72	10.57	10.16	3.03	1.05		1.94	1.8	6.24	9.85	16.46	13.07	16.8	16.98	19.68	26.62	36.17	38.8	39.09	37.87	40.29	46.04	43.08	42.19	37.84	48.81	51.5	54.53	18.35	22.37	22.97	24.18	17.91	21.68	23.94	25.66	26.56	28.12	28.94	28.09	29.39	28.97	29.12	22.41	22.42	26.54	29.85	30.75	29.41	30.98	36.21	34.04	35.32	38.81	37.29	43.91	43.93	41.99	48.91	46.23	51.62	51.02	51.45	55.56	60.82	59.63	60.75	61.05	46.82	51.4	56.61	57.99	60.25	64.37	63.75	64.59	67.43	71.15	49.6	71.41	60.32	61.09	64.15	66.68	68.81	69.36	71.05	73.59	75.18	74.75	71.95	75.94	75.23	72.34	83.67	72.74	
27.05	12.24	12.09	4.35	2.86	1.94		1.68	4.36	7.98	15.15	11.15	14.88	15.04	17.74	24.69	34.24	36.86	37.17	35.95	38.42	44.22	41.35	40.53	36.25	47.04	49.82	52.79	19.41	23.39	23.9	24.99	17.66	21.93	24.26	26.28	27.14	28.49	28.87	27.83	29.06	28.54	28.61	22.07	21.78	25.53	28.64	29.45	28.86	30.2	35.6	33.26	34.41	37.62	36.54	43.01	43.03	40.91	47.82	44.95	50.31	49.67	50.02	54.1	59.19	58.17	59.33	59.63	46.07	50.63	55.5	56.88	59.18	63.37	62.65	63.39	66.29	70.13	49.63	71.62	59.7	60.4	63.55	65.8	67.88	68.45	70.21	72.66	74.35	73.97	71.34	74.7	73.88	70.88	82.22	71.12	
27.51	12.28	11.52	4.83	2.82	1.8	1.68		5.02	8.54	16.81	11.84	15.59	15.94	18.79	25.72	35.26	37.88	38.24	37.0	39.66	45.54	42.79	42.03	37.79	48.43	51.31	54.2	20.15	24.16	24.75	25.93	19.18	23.23	25.52	27.36	28.25	29.73	30.32	29.36	30.62	30.13	30.22	23.63	23.41	27.21	30.31	31.1	30.48	31.86	37.23	34.92	36.09	39.29	38.2	44.68	44.7	42.58	49.5	46.61	51.97	51.31	51.64	55.7	60.71	59.77	60.95	61.25	47.73	52.29	57.18	58.56	60.86	65.05	64.32	65.05	67.97	71.81	51.05	72.95	61.34	62.05	65.18	67.47	69.56	70.12	71.88	74.33	76.02	75.64	72.98	76.36	75.52	72.48	83.83	72.63	
30.98	16.54	16.4	8.59	7.21	6.24	4.36	5.02		3.61	14.09	6.85	10.59	10.93	13.84	20.74	30.28	32.89	33.28	32.04	34.87	40.86	38.41	37.84	33.82	43.9	47.05	49.73	23.04	26.94	27.3	28.19	19.14	24.25	26.68	29.18	29.96	30.93	30.45	29.03	30.1	29.39	29.27	23.23	22.26	25.0	27.48	28.01	29.39	30.16	35.89	33.2	34.0	36.42	36.51	42.55	42.57	39.98	46.83	43.44	48.72	47.93	48.06	51.99	56.56	56.07	57.34	57.66	45.96	50.44	54.41	55.79	58.19	62.54	61.57	62.02	65.1	69.26	51.24	73.54	59.86	60.36	63.73	65.27	67.23	67.83	69.78	71.99	73.93	73.69	71.46	73.21	72.06	68.74	80.1	68.46	
34.27	20.11	19.99	12.15	10.83	9.85	7.98	8.54	3.61		14.09	3.35	7.08	7.7	10.82	17.57	27.04	29.63	30.1	28.85	32.01	38.16	36.1	35.78	32.02	41.38	44.86	47.28	26.17	29.98	30.25	31.0	20.9	26.49	28.94	31.76	32.49	33.16	32.06	30.38	31.3	30.45	30.19	24.64	23.18	25.03	26.91	27.19	30.2	30.5	36.43	33.47	33.97	35.7	36.77	42.4	42.43	39.45	46.2	42.38	47.56	46.65	46.58	50.36	54.46	54.43	55.8	56.13	46.07	50.47	53.66	55.02	57.51	61.97	60.8	60.99	64.21	68.63	52.72	75.2	60.13	60.46	64.0	64.95	66.8	67.41	69.52	71.53	73.67	73.54	71.65	72.05	70.63	67.04	78.39	66.32	
29.71	21.26	23.95	15.96	16.65	16.46	15.15	16.81	14.09	14.09		13.7	14.73	12.95	12.67	17.54	25.71	28.22	27.93	26.91	27.27	32.0	27.96	26.57	21.92	34.04	35.86	39.41	21.35	23.99	23.59	23.42	10.31	16.74	19.02	22.94	23.32	22.74	19.71	17.47	18.07	17.0	16.53	12.27	9.8	10.98	13.53	14.31	16.42	16.41	22.39	19.37	19.97	22.51	22.68	28.48	28.51	25.93	32.82	29.81	35.18	34.56	35.02	39.19	44.88	43.24	44.32	44.62	32.01	36.45	40.45	41.83	44.19	48.48	47.61	48.25	51.21	55.22	39.61	62.25	46.04	46.41	49.91	51.19	53.15	53.74	55.7	57.91	59.85	59.63	57.58	59.55	58.78	55.95	67.26	56.77	
36.75	23.1	23.23	15.16	14.01	13.07	11.15	11.84	6.85	3.35	13.7		3.75	4.46	7.68	14.29	23.72	26.3	26.8	25.54	28.85	35.08	33.29	33.15	29.61	38.42	42.11	44.34	28.48	32.16	32.32	32.9	21.87	27.83	30.29	33.41	34.07	34.44	32.72	30.79	31.57	30.59	30.2	25.2	23.31	24.3	25.61	25.66	30.11	29.96	36.02	32.84	33.07	34.17	36.11	41.33	41.35	38.05	44.68	40.52	45.59	44.59	44.36	48.01	51.75	52.07	53.51	53.84	45.21	49.5	52.01	53.35	55.9	60.45	59.11	59.09	62.42	67.04	53.12	75.71	59.34	59.53	63.21	63.63	65.39	66.01	68.25	70.08	72.39	72.35	70.77	70.02	68.38	64.59	75.93	63.56	
39.97	26.71	26.96	18.81	17.73	16.8	14.88	15.59	10.59	7.08	14.73	3.75		2.07	4.95	10.87	20.16	22.7	23.27	22.01	25.64	31.99	30.65	30.77	27.6	35.5	39.51	41.46	31.6	35.17	35.22	35.66	23.94	30.14	32.58	35.95	36.54	36.63	34.33	32.18	32.79	31.7	31.17	26.81	24.53	24.55	25.15	24.9	30.98	30.34	36.47	33.07	32.98	33.3	36.26	40.95	40.97	37.32	43.74	39.17	44.07	42.95	42.51	45.97	49.19	49.99	51.52	51.87	45.06	49.21	50.87	52.18	54.79	59.44	57.89	57.6	61.06	65.92	54.32	76.96	59.22	59.23	63.06	62.86	64.49	65.14	67.51	69.12	71.64	71.71	70.5	68.35	66.42	62.38	73.68	60.9	
39.19	26.48	27.08	18.71	17.84	16.98	15.04	15.94	10.93	7.7	12.95	4.46	2.07		3.26	9.87	19.37	21.97	22.4	21.15	24.39	30.64	29.02	29.02	25.71	34.03	37.86	39.97	30.75	34.21	34.19	34.52	22.47	28.76	31.17	34.67	35.22	35.17	32.64	30.42	30.98	29.86	29.29	25.14	22.73	22.54	23.08	22.83	29.08	28.35	34.48	31.05	30.93	31.23	34.23	38.89	38.91	35.25	41.68	37.15	42.08	40.99	40.59	44.11	47.52	48.14	49.64	49.99	43.0	47.15	48.83	50.15	52.75	57.39	55.86	55.62	59.05	63.89	52.47	75.12	57.16	57.16	61.0	60.79	62.43	63.08	65.45	67.07	69.57	69.64	68.43	66.4	64.54	60.58	71.89	59.29	
40.62	28.7	29.65	21.14	20.48	19.68	17.74	18.79	13.84	10.82	12.67	7.68	4.95	3.26		6.95	16.49	19.12	19.45	18.21	21.19	27.4	25.77	25.83	22.66	30.77	34.62	36.71	32.13	35.38	35.23	35.39	22.77	29.18	31.54	35.27	35.74	35.37	32.27	29.86	30.26	29.05	28.36	24.92	22.17	21.1	21.03	20.56	28.06	26.91	33.02	29.46	29.08	28.8	32.54	36.76	36.78	32.89	39.16	34.4	39.23	38.08	37.59	41.02	44.29	45.04	46.57	46.92	41.02	45.04	46.17	47.47	50.11	54.79	53.15	52.76	56.26	61.22	51.56	74.18	55.14	55.02	58.95	58.33	59.9	60.55	63.01	64.5	67.11	67.25	66.29	63.45	61.48	57.43	68.73	56.04	
46.76	35.51	36.58	28.05	27.42	26.62	24.69	25.72	20.74	17.57	17.54	14.29	10.87	9.87	6.95		9.55	12.17	12.54	11.3	14.84	21.3	20.74	21.48	19.39	25.03	29.55	30.99	38.27	41.27	40.99	40.93	27.84	34.26	36.48	40.48	40.82	40.01	36.08	33.41	33.49	32.14	31.25	29.15	25.98	23.25	21.7	20.62	30.79	28.79	34.65	30.87	29.85	27.9	33.61	36.56	36.57	32.09	37.67	32.17	36.47	35.09	34.14	37.09	39.2	40.96	42.67	43.04	41.13	44.74	44.07	45.29	48.01	52.82	50.77	49.84	53.55	58.95	54.02	76.4	54.96	54.49	58.66	56.79	58.08	58.76	61.49	62.51	65.5	65.87	65.65	60.01	57.5	52.96	64.11	50.69	
55.39	44.88	46.1	37.54	36.96	36.17	34.24	35.26	30.28	27.04	25.71	23.72	20.16	19.37	16.49	9.55		2.64	3.19	1.94	7.68	13.99	16.0	18.02	18.26	18.28	23.87	23.96	46.96	49.7	49.27	48.99	35.7	41.95	44.0	48.19	48.41	47.15	42.41	39.56	39.31	37.87	36.81	36.18	32.74	28.58	25.59	23.95	36.18	33.37	38.6	34.78	33.08	29.13	36.95	38.09	38.11	33.1	37.38	31.14	34.35	32.69	31.05	33.03	33.05	36.51	38.43	38.81	42.86	45.78	42.58	43.63	46.39	51.22	48.64	46.91	50.85	56.77	58.33	80.07	55.83	54.9	59.29	55.71	56.59	57.29	60.34	60.68	64.15	64.83	65.65	56.07	52.75	47.52	58.26	43.84	
57.92	47.52	48.74	40.18	39.59	38.8	36.86	37.88	32.89	29.63	28.22	26.3	22.7	21.97	19.12	12.17	2.64		1.59	1.53	7.12	12.79	15.8	18.17	19.1	17.18	23.04	22.61	49.51	52.2	51.76	51.43	38.14	44.35	46.35	50.57	50.77	49.43	44.55	41.68	41.37	39.91	38.82	38.47	35.0	30.62	27.39	25.66	38.17	35.21	40.26	36.47	34.63	30.28	38.49	39.2	39.22	34.13	38.02	31.66	34.52	32.8	30.97	32.62	31.93	35.92	37.9	38.28	43.98	46.69	42.84	43.84	46.58	51.39	48.67	46.72	50.7	56.74	59.98	81.52	56.64	55.6	60.02	56.0	56.76	57.46	60.59	60.73	64.33	65.09	66.2	55.52	51.96	46.53	57.08	42.38	
57.63	47.59	48.95	40.37	39.86	39.09	37.17	38.24	33.28	30.1	27.93	26.8	23.27	22.4	19.45	12.54	3.19	1.59		1.26	5.53	11.29	14.22	16.62	17.7	15.66	21.49	21.16	49.27	51.86	51.37	50.99	37.7	43.84	45.8	50.05	50.21	48.78	43.77	40.88	40.52	39.06	37.95	37.86	34.36	29.77	26.39	24.61	37.28	34.23	39.16	35.38	33.48	28.96	37.33	37.85	37.87	32.76	36.54	30.15	32.96	31.23	29.39	31.03	30.43	34.35	36.32	36.7	42.62	45.28	41.29	42.28	45.02	49.83	47.1	45.13	49.12	55.16	58.85	80.28	55.19	54.12	58.55	54.45	55.19	55.9	59.03	59.16	62.76	63.54	64.69	53.94	50.41	45.01	55.6	40.98	
56.62	46.43	47.75	39.17	38.65	37.87	35.95	37.0	32.04	28.85	26.91	25.54	22.01	21.15	18.21	11.3	1.94	1.53	1.26		6.14	12.23	14.72	16.95	17.68	16.56	22.28	22.16	48.23	50.87	50.4	50.05	36.76	42.94	44.93	49.16	49.34	47.97	43.06	40.18	39.86	38.4	37.31	37.02	33.54	29.11	25.86	24.13	36.65	33.69	38.74	34.94	33.11	28.81	36.97	37.74	37.75	32.68	36.67	30.34	33.32	31.62	29.86	31.65	31.35	35.04	37.0	37.38	42.51	45.27	41.61	42.63	45.38	50.2	47.53	45.66	49.63	55.62	58.45	80.01	55.25	54.23	58.65	54.77	55.56	56.27	59.37	59.58	63.13	63.87	64.88	54.63	51.2	45.88	56.54	42.02	
56.64	47.94	49.77	41.19	40.96	40.29	38.42	39.66	34.87	32.01	27.27	28.85	25.64	24.39	21.19	14.84	7.68	7.12	5.53	6.14		6.57	8.69	11.2	12.94	10.69	16.19	16.51	48.47	50.72	50.09	49.49	36.34	42.17	43.94	48.27	48.32	46.57	41.13	38.2	37.64	36.18	35.0	35.85	32.3	27.06	23.13	21.21	34.26	30.89	35.35	31.67	29.53	24.38	33.29	33.12	33.14	27.98	31.32	24.88	27.48	25.74	23.86	25.53	25.42	28.91	30.86	31.24	37.87	40.28	35.84	36.8	39.54	44.34	41.58	39.6	43.59	49.63	54.86	75.86	50.07	48.9	53.36	49.0	49.7	50.4	53.56	53.64	57.27	58.07	59.35	48.49	45.09	39.85	50.62	36.41	
60.64	53.1	55.23	46.71	46.65	46.04	44.22	45.54	40.86	38.16	32.0	35.08	31.99	30.64	27.4	21.3	13.99	12.79	11.29	12.23	6.57		6.27	9.4	13.35	4.4	10.46	9.98	52.73	54.63	53.88	53.08	40.26	45.68	47.21	51.56	51.49	49.4	43.53	40.61	39.83	38.38	37.15	39.11	35.59	29.77	25.29	23.28	36.34	32.62	36.19	32.79	30.31	24.14	33.81	32.19	32.2	27.09	29.02	22.54	23.95	22.11	19.79	20.55	19.14	23.51	25.55	25.93	36.76	38.49	32.31	33.11	35.76	40.42	37.37	34.91	38.95	45.2	55.07	75.09	47.77	46.29	50.78	45.33	45.72	46.43	49.74	49.36	53.24	54.24	56.2	43.04	39.26	33.75	44.32	29.88	
55.64	49.23	51.74	43.39	43.58	43.08	41.35	42.79	38.41	36.1	27.96	33.29	30.65	29.02	25.77	20.74	16.0	15.8	14.22	14.72	8.69	6.27		3.14	7.38	6.21	8.87	11.49	47.97	49.59	48.75	47.83	35.35	40.43	41.82	46.15	46.01	43.76	37.74	34.84	33.96	32.54	31.29	33.78	30.32	24.25	19.6	17.6	30.47	26.65	29.99	26.66	24.12	17.87	27.57	25.98	25.99	20.86	23.2	16.69	18.85	17.08	15.17	17.05	18.55	20.64	22.51	22.89	30.6	32.51	27.23	28.16	30.89	35.67	32.89	30.95	34.92	40.94	48.8	68.91	42.01	40.67	45.15	40.38	41.03	41.73	44.92	44.94	48.59	49.43	50.9	40.13	37.08	32.27	43.38	30.27	
53.46	47.77	50.49	42.28	42.61	42.19	40.53	42.03	37.84	35.78	26.57	33.15	30.77	29.02	25.83	21.48	18.02	18.17	16.62	16.95	11.2	9.4	3.14		4.93	8.66	9.32	13.08	45.97	47.41	46.52	45.51	33.31	38.14	39.42	43.73	43.55	41.19	35.06	32.19	31.24	29.84	28.59	31.45	28.06	21.86	17.1	15.14	27.75	23.86	26.98	23.72	21.12	14.76	24.52	22.85	22.86	17.72	20.25	13.75	16.37	14.68	13.09	15.63	18.72	19.49	21.21	21.58	27.47	29.46	24.68	25.68	28.43	33.25	30.62	28.99	32.89	38.75	45.68	65.78	39.05	37.78	42.25	37.84	38.61	39.32	42.42	42.66	46.18	46.93	48.16	38.67	36.02	31.64	42.91	30.63	
48.53	43.03	45.87	37.77	38.22	37.84	36.25	37.79	33.82	32.02	21.92	29.61	27.6	25.71	22.66	19.39	18.26	19.1	17.7	17.68	12.94	13.35	7.38	4.93		13.44	13.99	17.99	41.05	42.48	41.6	40.6	28.39	33.22	34.53	38.85	38.69	36.4	30.36	27.46	26.59	25.16	23.92	26.55	23.14	16.97	12.25	10.26	23.09	19.3	22.94	19.46	17.04	11.44	20.66	20.21	20.22	15.09	19.15	13.08	17.09	15.71	14.95	18.41	23.0	22.46	23.93	24.28	24.97	27.6	24.87	26.03	28.78	33.62	31.42	30.47	34.16	39.61	42.15	62.93	37.59	36.64	41.03	37.83	38.94	39.63	42.51	43.26	46.44	46.96	47.45	40.86	38.83	35.02	46.38	34.91	
61.84	55.29	57.69	49.26	49.35	48.81	47.04	48.43	43.9	41.38	34.04	38.42	35.5	34.03	30.77	25.03	18.28	17.18	15.66	16.56	10.69	4.4	6.21	8.66	13.44		6.2	5.96	54.18	55.8	54.95	54.01	41.56	46.61	47.97	52.29	52.14	49.82	43.71	40.84	39.9	38.5	37.24	39.95	36.51	30.4	25.7	23.71	36.4	32.51	35.42	32.27	29.62	22.97	32.87	30.34	30.34	25.39	26.37	20.05	20.65	18.8	16.27	16.5	14.78	19.25	21.31	21.69	34.72	36.0	28.88	29.58	32.16	36.73	33.55	30.87	34.92	41.25	53.65	72.97	44.89	43.25	47.73	41.72	41.97	42.67	46.04	45.45	49.43	50.52	52.81	38.72	34.87	29.36	39.98	25.76	
62.06	57.02	59.8	51.61	51.93	51.5	49.82	51.31	47.05	44.86	35.86	42.11	39.51	37.86	34.62	29.55	23.87	23.04	21.49	22.28	16.19	10.46	8.87	9.32	13.99	6.2		5.16	54.82	56.02	55.06	53.91	42.18	46.62	47.7	51.93	51.65	49.05	42.69	39.93	38.8	37.48	36.23	39.94	36.68	30.35	25.52	23.67	35.37	31.35	33.25	30.54	27.74	20.71	30.52	26.79	26.79	22.23	21.81	15.96	15.35	13.54	10.8	10.37	9.68	13.06	15.11	15.49	30.8	31.47	23.28	23.86	26.36	30.81	27.53	24.72	28.77	35.12	50.33	68.63	39.79	37.97	42.42	35.87	35.99	36.68	40.1	39.36	43.4	44.55	47.14	32.58	28.92	23.7	34.64	21.45	
66.48	60.67	63.23	54.87	55.04	54.53	52.79	54.2	49.73	47.28	39.41	44.34	41.46	39.97	36.71	30.99	23.96	22.61	21.16	22.16	16.51	9.98	11.49	13.08	17.99	5.96	5.16		59.04	60.43	59.51	58.44	46.38	51.1	52.28	56.56	56.32	53.81	47.51	44.71	43.64	42.29	41.03	44.41	41.07	34.8	29.99	28.07	40.17	36.18	38.31	35.51	32.73	25.75	35.6	31.94	31.94	27.38	26.83	21.1	20.13	18.37	15.57	14.16	9.59	15.83	17.91	18.27	35.93	36.46	27.71	28.15	30.51	34.73	31.28	28.02	32.02	38.47	55.48	73.63	44.51	42.58	46.99	39.87	39.75	40.43	43.91	42.79	47.0	48.3	51.34	34.57	30.21	24.29	34.52	19.9	
8.5	10.01	14.35	15.32	17.39	18.35	19.41	20.15	23.04	26.17	21.35	28.48	31.6	30.75	32.13	38.27	46.96	49.51	49.27	48.23	48.47	52.73	47.97	45.97	41.05	54.18	54.82	59.04		4.03	4.85	6.55	12.66	9.46	10.11	9.01	10.06	12.93	17.29	18.38	20.01	20.55	21.46	15.41	18.27	24.63	29.41	31.18	22.2	25.7	28.34	28.13	30.56	36.63	30.58	37.93	37.95	38.24	44.58	44.4	49.59	49.65	51.05	55.5	62.85	59.24	59.78	59.99	39.1	43.52	52.0	53.32	54.98	58.18	58.62	60.68	62.6	64.81	35.13	55.31	50.45	51.93	54.0	59.14	61.65	62.07	62.93	66.29	66.83	65.92	61.69	71.98	72.76	71.45	82.26	74.31	
6.05	13.81	17.99	19.34	21.42	22.37	23.39	24.16	26.94	29.98	23.99	32.16	35.17	34.21	35.38	41.27	49.7	52.2	51.86	50.87	50.72	54.63	49.59	47.41	42.48	55.8	56.02	60.43	4.03		1.42	3.46	14.4	9.48	9.09	6.37	7.36	10.66	16.13	17.8	19.38	20.18	21.24	16.1	19.36	25.67	30.5	32.37	22.05	25.84	27.63	27.96	30.57	37.04	30.08	37.37	37.38	38.22	44.26	44.66	49.71	49.92	51.51	55.96	63.68	59.58	59.98	60.17	38.05	42.33	51.47	52.76	54.25	57.19	57.88	60.19	61.88	63.71	32.22	51.79	48.63	50.28	52.06	57.81	60.38	60.77	61.41	64.95	65.23	64.2	59.65	71.37	72.49	71.54	82.15	74.92	
7.04	14.82	19.1	19.95	22.05	22.97	23.9	24.75	27.3	30.25	23.59	32.32	35.22	34.19	35.23	40.99	49.27	51.76	51.37	50.4	50.09	53.88	48.75	46.52	41.6	54.95	55.06	59.51	4.85	1.42		2.05	13.75	8.44	7.83	4.95	5.94	9.24	14.78	16.53	18.1	18.94	20.02	15.12	18.46	24.72	29.54	31.44	20.84	24.68	26.31	26.73	29.37	35.9	28.79	36.06	36.08	37.0	42.98	43.49	48.51	48.75	50.37	54.82	62.61	58.41	58.79	58.97	36.68	40.95	50.16	51.44	52.91	55.82	56.53	58.89	60.55	62.34	30.87	50.6	47.21	48.86	50.64	56.41	58.99	59.37	60.01	63.55	63.82	62.79	58.23	70.05	71.21	70.32	80.9	73.8	
8.52	16.55	20.9	21.19	23.3	24.18	24.99	25.93	28.19	31.0	23.42	32.9	35.66	34.52	35.39	40.93	48.99	51.43	50.99	50.05	49.49	53.08	47.83	45.51	40.6	54.01	53.91	58.44	6.55	3.46	2.05		13.3	7.4	6.3	2.92	3.89	7.23	12.97	14.9	16.43	17.35	18.47	14.06	17.51	23.66	28.45	30.39	19.31	23.22	24.55	25.15	27.83	34.48	27.08	34.31	34.33	35.42	41.29	41.99	46.94	47.24	48.93	53.37	61.29	56.91	57.24	57.41	34.8	39.03	48.4	49.66	51.09	53.94	54.71	57.12	58.72	60.42	28.84	48.76	45.19	46.86	48.61	54.46	57.04	57.42	58.02	61.59	61.82	60.78	56.19	68.24	69.5	68.72	79.23	72.39	
20.39	16.86	20.89	15.73	17.48	17.91	17.66	19.18	19.14	20.9	10.31	21.87	23.94	22.47	22.77	27.84	35.7	38.14	37.7	36.76	36.34	40.26	35.35	33.31	28.39	41.56	42.18	46.38	12.66	14.4	13.75	13.3		6.44	8.77	12.64	13.02	12.7	11.32	10.19	11.5	11.18	11.51	4.57	5.98	12.16	16.85	18.57	11.95	14.47	18.81	17.35	19.3	24.62	20.35	27.49	27.51	26.79	33.5	32.44	37.77	37.65	38.83	43.26	50.33	47.1	47.78	48.01	29.71	34.3	41.15	42.52	44.47	48.17	48.08	49.64	51.97	54.93	32.12	54.41	42.72	43.68	46.51	49.89	52.19	52.7	54.07	56.95	58.14	57.54	54.33	61.05	61.3	59.51	70.53	61.89	
15.46	17.26	21.74	18.99	21.01	21.68	21.93	23.23	24.25	26.49	16.74	27.83	30.14	28.76	29.18	34.26	41.95	44.35	43.84	42.94	42.17	45.68	40.43	38.14	33.22	46.61	46.62	51.1	9.46	9.48	8.44	7.4	6.44		2.46	6.24	6.58	6.68	8.23	8.94	10.57	11.1	12.03	6.69	10.11	16.3	21.12	23.03	12.8	16.45	18.9	18.74	21.25	27.59	21.12	28.47	28.49	28.93	35.16	35.26	40.36	40.52	42.06	46.51	54.2	50.16	50.61	50.8	29.71	34.17	42.55	43.87	45.52	48.75	49.16	51.24	53.14	55.41	28.08	49.73	41.49	42.83	45.13	49.83	52.3	52.74	53.7	56.97	57.65	56.82	52.9	62.52	63.38	62.22	72.94	65.45	
14.78	18.83	23.34	21.18	23.23	23.94	24.26	25.52	26.68	28.94	19.02	30.29	32.58	31.17	31.54	36.48	44.0	46.35	45.8	44.93	43.94	47.21	41.82	39.42	34.53	47.97	47.7	52.28	10.11	9.09	7.83	6.3	8.77	2.46		4.35	4.41	4.25	7.21	8.71	10.29	11.11	12.2	8.12	11.66	17.57	22.32	24.28	13.04	16.92	18.56	18.91	21.56	28.18	20.99	28.28	28.3	29.18	35.16	35.71	40.69	40.96	42.63	47.07	55.0	50.63	50.98	51.16	29.12	33.49	42.39	43.68	45.21	48.26	48.84	51.11	52.85	54.84	26.07	47.48	40.36	41.83	43.93	49.08	51.6	52.02	52.83	56.23	56.73	55.81	51.65	62.31	63.4	62.5	73.07	66.09	
11.18	18.84	23.28	22.73	24.84	25.66	26.28	27.36	29.18	31.76	22.94	33.41	35.95	34.67	35.27	40.48	48.19	50.57	50.05	49.16	48.27	51.56	46.15	43.73	38.85	52.29	51.93	56.56	9.01	6.37	4.95	2.92	12.64	6.24	4.35		1.05	4.31	10.27	12.42	13.88	14.91	16.09	12.46	16.01	21.9	26.62	28.59	16.94	20.92	21.86	22.67	25.41	32.19	24.45	31.61	31.63	32.92	38.65	39.59	44.46	44.81	46.58	51.01	59.08	54.49	54.75	54.92	31.98	36.17	45.68	46.93	48.31	51.1	51.92	54.4	55.93	57.56	26.14	46.47	42.27	43.95	45.69	51.57	54.16	54.53	55.11	58.7	58.9	57.86	53.28	65.48	66.82	66.18	76.6	70.05	
11.93	19.87	24.32	23.65	25.75	26.56	27.14	28.25	29.96	32.49	23.32	34.07	36.54	35.22	35.74	40.82	48.41	50.77	50.21	49.34	48.32	51.49	46.01	43.55	38.69	52.14	51.65	56.32	10.06	7.36	5.94	3.89	13.02	6.58	4.41	1.05		3.42	9.65	11.95	13.35	14.45	15.65	12.47	16.02	21.77	26.45	28.43	16.52	20.52	21.2	22.16	24.92	31.76	23.83	30.94	30.96	32.38	38.01	39.1	43.91	44.3	46.12	50.54	58.69	53.98	54.21	54.37	31.19	35.34	44.97	46.22	47.56	50.29	51.16	53.7	55.18	56.73	25.09	45.46	41.33	43.03	44.73	50.7	53.3	53.67	54.21	57.82	57.98	56.92	52.3	64.74	66.15	65.59	75.96	69.59	
15.33	22.39	26.89	25.32	27.39	28.12	28.49	29.73	30.93	33.16	22.74	34.44	36.63	35.17	35.37	40.01	47.15	49.43	48.78	47.97	46.57	49.4	43.76	41.19	36.4	49.82	49.05	53.81	12.93	10.66	9.24	7.23	12.7	6.68	4.25	4.31	3.42		6.53	9.12	10.37	11.6	12.84	10.97	14.43	19.65	24.17	26.17	13.71	17.74	17.94	19.14	21.94	28.89	20.62	27.65	27.66	29.28	34.76	36.07	40.79	41.24	43.14	47.53	55.83	50.9	51.08	51.23	27.79	31.93	41.64	42.88	44.18	46.88	47.78	50.36	51.8	53.31	22.33	43.37	37.97	39.64	41.4	47.28	49.88	50.25	50.81	54.41	54.59	53.55	49.01	61.37	62.85	62.4	72.69	66.58	
21.44	25.47	29.93	26.49	28.4	28.94	28.87	30.32	30.45	32.06	19.71	32.72	34.33	32.64	32.27	36.08	42.41	44.55	43.77	43.06	41.13	43.53	37.74	35.06	30.36	43.71	42.69	47.51	17.29	16.13	14.78	12.97	11.32	8.23	7.21	10.27	9.65	6.53		2.94	3.89	5.23	6.48	7.53	10.15	14.08	18.25	20.25	7.34	11.34	11.59	12.61	15.42	22.39	14.19	21.35	21.36	22.77	28.38	29.55	34.29	34.72	36.61	41.01	49.32	44.39	44.58	44.74	21.94	26.28	35.42	36.69	38.13	41.08	41.75	44.15	45.76	47.64	20.81	43.14	33.28	34.67	36.91	41.87	44.39	44.8	45.64	49.02	49.55	48.67	44.67	55.27	56.55	55.95	66.33	60.06	
23.42	25.72	30.09	25.84	27.64	28.09	27.83	29.36	29.03	30.38	17.47	30.79	32.18	30.42	29.86	33.41	39.56	41.68	40.88	40.18	38.2	40.61	34.84	32.19	27.46	40.84	39.93	44.71	18.38	17.8	16.53	14.9	10.19	8.94	8.71	12.42	11.95	9.12	2.94		1.63	2.5	3.72	5.81	7.7	11.15	15.32	17.33	4.59	8.62	9.96	10.26	12.99	19.82	12.29	19.61	19.63	20.52	26.45	27.17	32.05	32.39	34.17	38.59	46.76	42.07	42.35	42.52	20.78	25.26	33.72	35.02	36.61	39.81	40.25	42.43	44.24	46.47	22.35	44.92	32.96	34.14	36.68	40.94	43.39	43.84	44.88	48.08	48.87	48.11	44.49	53.66	54.69	53.82	64.36	57.64	
24.95	27.29	31.64	27.21	28.97	29.39	29.06	30.62	30.1	31.3	18.07	31.57	32.79	30.98	30.26	33.49	39.31	41.37	40.52	39.86	37.64	39.83	33.96	31.24	26.59	39.9	38.8	43.64	20.01	19.38	18.1	16.43	11.5	10.57	10.29	13.88	13.35	10.37	3.89	1.63		1.47	2.68	6.99	8.28	10.75	14.6	16.59	3.5	7.46	8.34	8.8	11.58	18.51	10.69	18.0	18.02	19.04	24.88	25.75	30.57	30.95	32.79	37.19	45.45	40.62	40.87	41.04	19.15	23.65	32.11	33.41	34.99	38.18	38.63	40.83	42.62	44.84	21.56	44.19	31.43	32.57	35.18	39.32	41.77	42.22	43.28	46.46	47.28	46.54	42.99	52.05	53.11	52.31	62.81	56.24	
25.87	27.41	31.68	26.9	28.6	28.97	28.54	30.13	29.39	30.45	17.0	30.59	31.7	29.86	29.05	32.14	37.87	39.91	39.06	38.4	36.18	38.38	32.54	29.84	25.16	38.5	37.48	42.29	20.55	20.18	18.94	17.35	11.18	11.1	11.11	14.91	14.45	11.6	5.23	2.5	1.47		1.26	6.61	7.29	9.3	13.14	15.14	2.12	6.14	7.92	7.8	10.5	17.32	10.02	17.38	17.4	18.07	24.11	24.68	29.59	29.91	31.67	36.1	44.26	39.58	39.89	40.06	18.87	23.42	31.45	32.77	34.44	37.77	38.08	40.14	42.06	44.46	22.62	45.27	31.55	32.58	35.34	39.09	41.49	41.96	43.14	46.21	47.17	46.5	43.16	51.43	52.34	51.39	61.97	55.14	
26.98	28.0	32.22	27.15	28.79	29.12	28.61	30.22	29.27	30.19	16.53	30.2	31.17	29.29	28.36	31.25	36.81	38.82	37.95	37.31	35.0	37.15	31.29	28.59	23.92	37.24	36.23	41.03	21.46	21.24	20.02	18.47	11.51	12.03	12.2	16.09	15.65	12.84	6.48	3.72	2.68	1.26		6.98	7.03	8.23	11.93	13.92	0.87	4.9	7.32	6.73	9.36	16.11	9.18	16.52	16.54	16.98	23.13	23.53	28.49	28.76	30.5	34.93	43.04	38.44	38.77	38.95	18.28	22.86	30.55	31.88	33.61	37.03	37.25	39.22	41.21	43.75	23.21	45.85	31.25	32.18	35.06	38.5	40.86	41.34	42.61	45.6	46.67	46.04	42.88	50.53	51.35	50.31	60.94	53.97	
22.12	21.09	25.27	20.29	22.01	22.41	22.07	23.63	23.23	24.64	12.27	25.2	26.81	25.14	24.92	29.15	36.18	38.47	37.86	37.02	35.85	39.11	33.78	31.45	26.55	39.95	39.94	44.41	15.41	16.1	15.12	14.06	4.57	6.69	8.12	12.46	12.47	10.97	7.53	5.81	6.99	6.61	6.98		3.55	9.61	14.43	16.34	7.49	10.44	14.3	13.14	15.33	21.23	15.99	23.24	23.26	22.97	29.5	28.99	34.22	34.25	35.65	40.1	47.62	43.83	44.38	44.59	25.24	29.83	37.08	38.44	40.29	43.87	43.92	45.66	47.85	50.61	28.09	50.58	38.15	39.14	41.94	45.45	47.79	48.28	49.58	52.54	53.64	53.02	49.76	57.05	57.54	56.06	66.93	58.96	
25.41	22.74	26.65	20.69	22.18	22.42	21.78	23.41	22.26	23.18	9.8	23.31	24.53	22.73	22.17	25.98	32.74	35.0	34.36	33.54	32.3	35.59	30.32	28.06	23.14	36.51	36.68	41.07	18.27	19.36	18.46	17.51	5.98	10.11	11.66	16.01	16.02	14.43	10.15	7.7	8.28	7.29	7.03	3.55		6.37	11.18	13.02	7.14	8.75	13.82	11.75	13.46	18.65	14.93	21.84	21.86	20.86	27.61	26.47	31.79	31.68	32.91	37.34	44.59	41.16	41.82	42.05	24.44	29.03	35.3	36.67	38.69	42.51	42.28	43.73	46.14	49.29	29.84	52.47	37.93	38.67	41.77	44.46	46.69	47.22	48.75	51.47	52.86	52.37	49.56	55.15	55.33	53.55	64.55	56.06	
31.71	28.5	32.13	25.32	26.5	26.54	25.53	27.21	25.0	25.03	10.98	24.3	24.55	22.54	21.1	23.25	28.58	30.62	29.77	29.11	27.06	29.77	24.25	21.86	16.97	30.4	30.35	34.8	24.63	25.67	24.72	23.66	12.16	16.3	17.57	21.9	21.77	19.65	14.08	11.15	10.75	9.3	8.23	9.61	6.37		4.82	6.73	7.64	5.82	11.95	8.55	9.0	12.71	11.81	17.56	17.58	15.5	22.41	20.49	25.88	25.63	26.7	31.11	38.23	34.99	35.73	35.98	21.04	25.47	30.13	31.51	33.73	37.84	37.24	38.31	40.98	44.62	30.8	53.29	35.11	35.44	38.98	40.33	42.36	42.94	44.8	47.14	48.94	48.68	46.62	49.72	49.55	47.48	58.58	49.74	
36.54	32.82	36.25	28.98	29.95	29.85	28.64	30.31	27.48	26.91	13.53	25.61	25.15	23.08	21.03	21.7	25.59	27.39	26.39	25.86	23.13	25.29	19.6	17.1	12.25	25.7	25.52	29.99	29.41	30.5	29.54	28.45	16.85	21.12	22.32	26.62	26.45	24.17	18.25	15.32	14.6	13.14	11.93	14.43	11.18	4.82		2.01	11.17	7.84	13.13	9.3	8.19	8.98	11.91	15.81	15.83	12.54	19.35	16.44	21.84	21.4	22.25	26.61	33.48	30.55	31.41	31.67	19.99	24.07	26.94	28.32	30.71	35.09	34.1	34.75	37.68	41.79	32.81	54.89	34.12	34.08	37.94	38.05	39.89	40.5	42.65	44.62	46.8	46.74	45.35	46.08	45.54	43.14	54.34	45.06	
38.42	34.23	37.54	30.05	30.91	30.75	29.45	31.1	28.01	27.19	14.31	25.66	24.9	22.83	20.56	20.62	23.95	25.66	24.61	24.13	21.21	23.28	17.6	15.14	10.26	23.71	23.67	28.07	31.18	32.37	31.44	30.39	18.57	23.03	24.28	28.59	28.43	26.17	20.25	17.33	16.59	15.14	13.92	16.34	13.02	6.73	2.01		13.14	9.69	14.65	10.83	9.32	8.52	13.17	16.23	16.25	12.43	19.03	15.5	20.87	20.28	20.92	25.22	31.8	29.21	30.17	30.44	20.64	24.51	26.47	27.84	30.32	34.81	33.62	34.02	37.09	41.44	34.38	56.3	34.67	34.47	38.45	38.01	39.73	40.36	42.64	44.42	46.78	46.81	45.73	45.27	44.49	41.86	53.12	43.47	
27.81	28.57	32.76	27.51	29.11	29.41	28.86	30.48	29.39	30.2	16.42	30.11	30.98	29.08	28.06	30.79	36.18	38.17	37.28	36.65	34.26	36.34	30.47	27.75	23.09	36.4	35.37	40.17	22.2	22.05	20.84	19.31	11.95	12.8	13.04	16.94	16.52	13.71	7.34	4.59	3.5	2.12	0.87	7.49	7.14	7.64	11.17	13.14		4.03	6.86	5.94	8.53	15.25	8.53	15.85	15.87	16.17	22.38	22.68	27.66	27.92	29.64	34.07	42.18	37.6	37.94	38.13	17.76	22.35	29.84	31.17	32.93	36.41	36.57	38.49	40.52	43.15	23.49	46.12	30.91	31.77	34.74	37.97	40.3	40.79	42.11	45.05	46.19	45.6	42.54	49.82	50.58	49.49	60.15	53.11	
31.68	31.33	35.34	29.39	30.81	30.98	30.2	31.86	30.16	30.5	16.41	29.96	30.34	28.35	26.91	28.79	33.37	35.21	34.23	33.69	30.89	32.62	26.65	23.86	19.3	32.51	31.35	36.18	25.7	25.84	24.68	23.22	14.47	16.45	16.92	20.92	20.52	17.74	11.34	8.62	7.46	6.14	4.9	10.44	8.75	5.82	7.84	9.69	4.03		6.13	3.06	4.89	11.27	6.36	13.08	13.11	12.55	19.08	18.82	23.92	24.08	25.71	30.15	38.17	33.74	34.16	34.35	15.88	20.43	26.7	28.05	30.0	33.76	33.61	35.24	37.5	40.54	25.26	47.63	29.71	30.24	33.58	35.75	37.95	38.48	40.07	42.73	44.2	43.78	41.3	46.63	47.11	45.77	56.55	49.17	
33.03	35.3	39.54	34.36	35.94	36.21	35.6	37.23	35.89	36.43	22.39	36.02	36.47	34.48	33.02	34.65	38.6	40.26	39.16	38.74	35.35	36.19	29.99	26.98	22.94	35.42	33.25	38.31	28.34	27.63	26.31	24.55	18.81	18.9	18.56	21.86	21.2	17.94	11.59	9.96	8.34	7.92	7.32	14.3	13.82	11.95	13.13	14.65	6.86	6.13		3.83	5.89	12.57	2.83	9.76	9.78	11.72	16.82	18.68	23.04	23.67	25.81	30.08	38.8	33.23	33.27	33.4	10.97	15.53	23.85	25.13	26.66	29.87	30.3	32.58	34.3	36.55	19.73	41.79	24.11	24.92	27.96	31.19	33.57	34.05	35.28	38.3	39.34	38.74	35.75	43.75	44.97	44.48	54.76	49.04	
33.66	34.17	38.24	32.42	33.86	34.04	33.26	34.92	33.2	33.47	19.37	32.84	33.07	31.05	29.46	30.87	34.78	36.47	35.38	34.94	31.67	32.79	26.66	23.72	19.46	32.27	30.54	35.51	28.13	27.96	26.73	25.15	17.35	18.74	18.91	22.67	22.16	19.14	12.61	10.26	8.8	7.8	6.73	13.14	11.75	8.55	9.3	10.83	5.94	3.06	3.83		2.84	9.91	3.32	10.14	10.16	10.27	16.45	16.95	21.8	22.15	24.0	28.4	36.76	31.82	32.09	32.27	12.81	17.36	23.97	25.31	27.16	30.82	30.79	32.59	34.71	37.59	23.55	45.6	26.69	27.18	30.56	32.71	34.94	35.46	37.02	39.71	41.14	40.72	38.26	43.94	44.64	43.59	54.21	47.45	
36.33	36.15	40.11	33.9	35.22	35.32	34.41	36.09	34.0	33.97	19.97	33.07	32.98	30.93	29.08	29.85	33.08	34.63	33.48	33.11	29.53	30.31	24.12	21.12	17.04	29.62	27.74	32.73	30.56	30.57	29.37	27.83	19.3	21.25	21.56	25.41	24.92	21.94	15.42	12.99	11.58	10.5	9.36	15.33	13.46	9.0	8.19	9.32	8.53	4.89	5.89	2.84		7.07	3.87	8.6	8.62	7.68	14.2	14.18	19.14	19.41	21.2	25.61	33.92	29.09	29.42	29.6	12.14	16.49	21.86	23.22	25.23	29.12	28.82	30.36	32.68	35.91	25.38	47.03	26.28	26.49	30.14	31.39	33.48	34.04	35.82	38.26	39.97	39.69	37.71	41.76	42.23	40.98	51.7	44.66	
42.92	41.19	44.84	37.84	38.88	38.81	37.62	39.29	36.42	35.7	22.51	34.17	33.3	31.23	28.8	27.9	29.13	30.28	28.96	28.81	24.38	24.14	17.87	14.76	11.44	22.97	20.71	25.75	36.63	37.04	35.9	34.48	24.62	27.59	28.18	32.19	31.76	28.89	22.39	19.82	18.51	17.32	16.11	21.23	18.65	12.71	8.98	8.52	15.25	11.27	12.57	9.91	7.07		9.92	8.96	8.98	4.18	10.51	7.82	13.18	13.05	14.47	18.92	26.94	22.61	23.18	23.41	13.73	16.91	17.99	19.36	21.81	26.29	25.15	25.79	28.7	32.92	30.93	51.49	27.11	26.59	30.77	29.56	31.23	31.87	34.22	35.91	38.34	38.45	37.77	37.15	36.84	34.9	45.92	37.91	
35.59	37.08	41.23	35.62	37.09	37.29	36.54	38.2	36.51	36.77	22.68	36.11	36.26	34.23	32.54	33.61	36.95	38.49	37.33	36.97	33.29	33.81	27.57	24.52	20.66	32.87	30.52	35.6	30.58	30.08	28.79	27.08	20.35	21.12	20.99	24.45	23.83	20.62	14.19	12.29	10.69	10.02	9.18	15.99	14.93	11.81	11.91	13.17	8.53	6.36	2.83	3.32	3.87	9.92		7.35	7.37	8.89	14.2	15.85	20.25	20.85	22.98	27.26	35.97	30.43	30.5	30.64	9.53	14.11	21.44	22.75	24.43	27.88	28.07	30.14	32.04	34.62	21.57	43.16	23.37	23.88	27.24	29.57	31.84	32.35	33.82	36.61	37.93	37.46	34.95	41.4	42.42	41.78	52.16	46.23	
42.79	44.3	48.38	42.43	43.79	43.91	43.01	44.68	42.55	42.4	28.48	41.33	40.95	38.89	36.76	36.56	38.09	39.2	37.85	37.74	33.12	32.19	25.98	22.85	20.21	30.34	26.79	31.94	37.93	37.37	36.06	34.31	27.49	28.47	28.28	31.61	30.94	27.65	21.35	19.61	18.0	17.38	16.52	23.24	21.84	17.56	15.81	16.23	15.85	13.08	9.76	10.14	8.6	8.96	7.35		0.02	5.16	7.21	10.9	14.08	15.09	17.63	21.53	30.66	24.23	24.02	24.11	4.77	8.29	14.11	15.41	17.09	20.68	20.72	22.83	24.69	27.46	23.54	42.93	18.45	18.28	22.22	22.79	24.91	25.46	27.24	29.69	31.38	31.15	29.55	34.06	35.21	34.93	45.04	40.1	
42.81	44.33	48.4	42.45	43.81	43.93	43.03	44.7	42.57	42.43	28.51	41.35	40.97	38.91	36.78	36.57	38.11	39.22	37.87	37.75	33.14	32.2	25.99	22.86	20.22	30.34	26.79	31.94	37.95	37.38	36.08	34.33	27.51	28.49	28.3	31.63	30.96	27.66	21.36	19.63	18.02	17.4	16.54	23.26	21.86	17.58	15.83	16.25	15.87	13.11	9.78	10.16	8.62	8.98	7.37	0.02		5.17	7.2	10.9	14.07	15.09	17.62	21.52	30.65	24.22	24.01	24.1	4.76	8.27	14.09	15.39	17.07	20.66	20.7	22.81	24.67	27.44	23.54	42.92	18.43	18.26	22.2	22.77	24.89	25.44	27.21	29.67	31.36	31.13	29.53	34.04	35.2	34.91	45.03	40.09	
43.94	43.6	47.43	40.82	41.99	41.99	40.91	42.58	39.98	39.45	25.93	38.05	37.32	35.25	32.89	32.09	33.1	34.13	32.76	32.68	27.98	27.09	20.86	17.72	15.09	25.39	22.23	27.38	38.24	38.22	37.0	35.42	26.79	28.93	29.18	32.92	32.38	29.28	22.77	20.52	19.04	18.07	16.98	22.97	20.86	15.5	12.54	12.43	16.17	12.55	11.72	10.27	7.68	4.18	8.89	5.16	5.17		6.92	6.96	11.53	11.99	14.09	18.37	27.11	21.63	21.83	22.0	9.89	12.77	14.63	16.01	18.28	22.57	21.76	22.89	25.48	29.29	28.28	48.07	22.96	22.41	26.6	25.58	27.36	27.98	30.21	32.08	34.35	34.39	33.59	34.32	34.57	33.32	44.02	37.37	
49.79	50.34	54.25	47.73	48.91	48.91	47.82	49.5	46.83	46.2	32.82	44.68	43.74	41.68	39.16	37.67	37.38	38.02	36.54	36.67	31.32	29.02	23.2	20.25	19.15	26.37	21.81	26.83	44.58	44.26	42.98	41.29	33.5	35.16	35.16	38.65	38.01	34.76	28.38	26.45	24.88	24.11	23.13	29.5	27.61	22.41	19.35	19.03	22.38	19.08	16.82	16.45	14.2	10.51	14.2	7.21	7.2	6.92		6.51	7.34	8.74	11.53	14.9	24.16	17.22	16.87	16.95	9.57	9.67	7.72	9.1	11.37	15.78	14.84	16.16	18.58	22.44	29.43	46.83	18.81	17.58	22.03	19.2	20.75	21.4	23.89	25.41	27.97	28.22	28.3	27.56	28.24	27.72	37.95	33.04	
50.48	48.99	52.58	45.42	46.36	46.23	44.95	46.61	43.44	42.38	29.81	40.52	39.17	37.15	34.4	32.17	31.14	31.66	30.15	30.34	24.88	22.54	16.69	13.75	13.08	20.05	15.96	21.1	44.4	44.66	43.49	41.99	32.44	35.26	35.71	39.59	39.1	36.07	29.55	27.17	25.75	24.68	23.53	28.99	26.47	20.49	16.44	15.5	22.68	18.82	18.68	16.95	14.18	7.82	15.85	10.9	10.9	6.96	6.51		5.41	5.26	7.13	11.46	20.15	14.92	15.38	15.6	14.85	15.98	11.9	13.14	15.85	20.65	18.76	18.61	21.91	26.87	34.42	52.94	25.31	24.03	28.5	24.75	25.92	26.61	29.44	30.34	33.39	33.88	34.55	29.78	29.12	27.09	38.1	30.51	
55.46	54.37	57.98	50.82	51.75	51.62	50.31	51.97	48.72	47.56	35.18	45.59	44.07	42.08	39.23	36.47	34.35	34.52	32.96	33.32	27.48	23.95	18.85	16.37	17.09	20.65	15.35	20.13	49.59	49.71	48.51	46.94	37.77	40.36	40.69	44.46	43.91	40.79	34.29	32.05	30.57	29.59	28.49	34.22	31.79	25.88	21.84	20.87	27.66	23.92	23.04	21.8	19.14	13.18	20.25	14.08	14.07	11.53	7.34	5.41		1.85	4.57	7.56	16.82	10.21	10.3	10.47	16.92	16.55	8.4	9.32	12.07	16.88	14.38	13.54	17.1	22.57	36.77	53.61	24.44	22.65	27.12	21.54	22.25	22.95	26.08	26.35	29.82	30.59	32.25	24.5	23.71	21.86	32.76	26.08	
55.73	54.11	57.64	50.33	51.19	51.02	49.67	51.31	47.93	46.65	34.56	44.59	42.95	40.99	38.08	35.09	32.69	32.8	31.23	31.62	25.74	22.11	17.08	14.68	15.71	18.8	13.54	18.37	49.65	49.92	48.75	47.24	37.65	40.52	40.96	44.81	44.3	41.24	34.72	32.39	30.95	29.91	28.76	34.25	31.68	25.63	21.4	20.28	27.92	24.08	23.67	22.15	19.41	13.05	20.85	15.09	15.09	11.99	8.74	5.26	1.85		2.83	6.46	15.58	9.68	10.14	10.37	18.26	18.18	10.21	11.09	13.81	18.6	15.96	14.76	18.47	24.12	38.12	55.3	26.25	24.49	28.96	23.32	23.96	24.66	27.83	27.98	31.53	32.34	34.09	25.43	24.22	21.87	32.96	25.39	
57.39	55.06	58.45	50.92	51.68	51.45	50.02	51.64	48.06	46.58	35.02	44.36	42.51	40.59	37.59	34.14	31.05	30.97	29.39	29.86	23.86	19.79	15.17	13.09	14.95	16.27	10.8	15.57	51.05	51.51	50.37	48.93	38.83	42.06	42.63	46.58	46.12	43.14	36.61	34.17	32.79	31.67	30.5	35.65	32.91	26.7	22.25	20.92	29.64	25.71	25.81	24.0	21.2	14.47	22.98	17.63	17.62	14.09	11.53	7.13	4.57	2.83		4.45	13.08	8.3	9.31	9.61	20.98	21.0	12.61	13.33	15.97	20.65	17.73	15.9	19.81	25.77	40.83	58.13	29.0	27.17	31.62	25.53	25.97	26.68	29.95	29.79	33.52	34.46	36.54	25.92	24.04	20.95	32.24	23.47	
61.83	59.42	62.75	55.13	55.82	55.56	54.1	55.7	51.99	50.36	39.19	48.01	45.97	44.11	41.02	37.09	33.03	32.62	31.03	31.65	25.53	20.55	17.05	15.63	18.41	16.5	10.37	14.16	55.5	55.96	54.82	53.37	43.26	46.51	47.07	51.01	50.54	47.53	41.01	38.59	37.19	36.1	34.93	40.1	37.34	31.11	26.61	25.22	34.07	30.15	30.08	28.4	25.61	18.92	27.26	21.53	21.52	18.37	14.9	11.46	7.56	6.46	4.45		9.27	4.08	5.58	5.95	24.47	23.85	13.77	14.07	16.35	20.59	17.22	14.38	18.43	24.76	44.31	60.62	30.83	28.73	33.06	25.72	25.69	26.38	29.83	28.99	33.06	34.25	37.18	23.1	20.47	16.78	28.13	19.05	
69.65	65.81	68.81	60.77	61.21	60.82	59.19	60.71	56.56	54.46	44.88	51.75	49.19	47.52	44.29	39.2	33.05	31.93	30.43	31.35	25.42	19.14	18.55	18.72	23.0	14.78	9.68	9.59	62.85	63.68	62.61	61.29	50.33	54.2	55.0	59.08	58.69	55.83	49.32	46.76	45.45	44.26	43.04	47.62	44.59	38.23	33.48	31.8	42.18	38.17	38.8	36.76	33.92	26.94	35.97	30.66	30.65	27.11	24.16	20.15	16.82	15.58	13.08	9.27		8.37	10.14	10.41	33.73	33.06	22.38	22.4	24.25	27.78	24.11	20.24	24.01	30.44	53.59	69.57	39.49	37.21	41.38	32.96	32.35	33.0	36.54	34.79	39.21	40.73	44.64	25.28	20.67	14.72	25.2	11.93	
65.4	63.37	66.75	59.17	59.88	59.63	58.17	59.77	56.07	54.43	43.24	52.07	49.99	48.14	45.04	40.96	36.51	35.92	34.35	35.04	28.91	23.51	20.64	19.49	22.46	19.25	13.06	15.83	59.24	59.58	58.41	56.91	47.1	50.16	50.63	54.49	53.98	50.9	44.39	42.07	40.62	39.58	38.44	43.83	41.16	34.99	30.55	29.21	37.6	33.74	33.23	31.82	29.09	22.61	30.43	24.23	24.22	21.63	17.22	14.92	10.21	9.68	8.3	4.08	8.37		2.09	2.46	26.63	25.36	14.18	14.09	15.87	19.49	15.86	12.26	16.21	22.67	46.28	61.4	31.21	28.88	33.02	24.67	24.22	24.88	28.41	27.01	31.3	32.7	36.33	19.59	16.53	12.71	24.06	15.87	
65.75	64.19	67.66	60.2	60.98	60.75	59.33	60.95	57.34	55.8	44.32	53.51	51.52	49.64	46.57	42.67	38.43	37.9	36.32	37.0	30.86	25.55	22.51	21.21	23.93	21.31	15.11	17.91	59.78	59.98	58.79	57.24	47.78	50.61	50.98	54.75	54.21	51.08	44.58	42.35	40.87	39.89	38.77	44.38	41.82	35.73	31.41	30.17	37.94	34.16	33.27	32.09	29.42	23.18	30.5	24.02	24.01	21.83	16.87	15.38	10.3	10.14	9.31	5.58	10.14	2.09		0.38	26.08	24.48	12.96	12.7	14.26	17.64	13.97	10.23	14.15	20.62	45.53	60.06	29.78	27.39	31.43	22.82	22.26	22.92	26.46	24.96	29.28	30.71	34.49	17.64	14.91	11.74	22.95	16.25	
65.92	64.45	67.92	60.48	61.27	61.05	59.63	61.25	57.66	56.13	44.62	53.84	51.87	49.99	46.92	43.04	38.81	38.28	36.7	37.38	31.24	25.93	22.89	21.58	24.28	21.69	15.49	18.27	59.99	60.17	58.97	57.41	48.01	50.8	51.16	54.92	54.37	51.23	44.74	42.52	41.04	40.06	38.95	44.59	42.05	35.98	31.67	30.44	38.13	34.35	33.4	32.27	29.6	23.41	30.64	24.11	24.1	22.0	16.95	15.6	10.47	10.37	9.61	5.95	10.41	2.46	0.38		26.11	24.44	12.87	12.57	14.07	17.38	13.7	9.91	13.82	20.28	45.51	59.92	29.62	27.21	31.23	22.55	21.96	22.62	26.16	24.62	28.95	30.4	34.23	17.26	14.56	11.5	22.68	16.24	
43.12	46.27	50.5	45.12	46.61	46.82	46.07	47.73	45.96	46.07	32.01	45.21	45.06	43.0	41.02	41.13	42.86	43.98	42.62	42.51	37.87	36.76	30.6	27.47	24.97	34.72	30.8	35.93	39.1	38.05	36.68	34.8	29.71	29.71	29.12	31.98	31.19	27.79	21.94	20.78	19.15	18.87	18.28	25.24	24.44	21.04	19.99	20.64	17.76	15.88	10.97	12.81	12.14	13.73	9.53	4.77	4.76	9.89	9.57	14.85	16.92	18.26	20.98	24.47	33.73	26.63	26.08	26.11		4.59	14.44	15.52	16.48	19.14	20.04	22.95	24.05	25.72	19.87	38.33	14.16	14.4	18.01	20.22	22.62	23.09	24.36	27.34	28.44	27.93	25.58	33.65	35.62	36.22	45.66	42.33	
47.25	50.83	55.08	49.71	51.2	51.4	50.63	52.29	50.44	50.47	36.45	49.5	49.21	47.15	45.04	44.74	45.78	46.69	45.28	45.27	40.28	38.49	32.51	29.46	27.6	36.0	31.47	36.46	43.52	42.33	40.95	39.03	34.3	34.17	33.49	36.17	35.34	31.93	26.28	25.26	23.65	23.42	22.86	29.83	29.03	25.47	24.07	24.51	22.35	20.43	15.53	17.36	16.49	16.91	14.11	8.29	8.27	12.77	9.67	15.98	16.55	18.18	21.0	23.85	33.06	25.36	24.48	24.44	4.59		11.86	12.66	13.01	14.99	16.36	19.76	20.31	21.39	21.12	37.17	10.22	10.03	13.94	15.68	18.13	18.57	19.76	22.81	23.85	23.36	21.29	29.93	32.42	33.7	42.53	40.61	
56.86	58.01	61.94	55.45	56.62	56.61	55.5	57.18	54.41	53.66	40.45	52.01	50.87	48.83	46.17	44.07	42.58	42.84	41.29	41.61	35.84	32.31	27.23	24.68	24.87	28.88	23.28	27.71	52.0	51.47	50.16	48.4	41.15	42.55	42.39	45.68	44.97	41.64	35.42	33.72	32.11	31.45	30.55	37.08	35.3	30.13	26.94	26.47	29.84	26.7	23.85	23.97	21.86	17.99	21.44	14.11	14.09	14.63	7.72	11.9	8.4	10.21	12.61	13.77	22.38	14.18	12.96	12.87	14.44	11.86		1.38	3.95	8.76	7.16	8.73	10.86	15.06	32.96	47.22	17.13	14.97	19.31	13.16	14.07	14.77	17.76	18.44	21.6	22.26	23.93	19.98	21.27	21.9	31.26	28.86	
58.11	59.37	63.31	56.83	58.0	57.99	56.88	58.56	55.79	55.02	41.83	53.35	52.18	50.15	47.47	45.29	43.63	43.84	42.28	42.63	36.8	33.11	28.16	25.68	26.03	29.58	23.86	28.15	53.32	52.76	51.44	49.66	42.52	43.87	43.68	46.93	46.22	42.88	36.69	35.02	33.41	32.77	31.88	38.44	36.67	31.51	28.32	27.84	31.17	28.05	25.13	25.31	23.22	19.36	22.75	15.41	15.39	16.01	9.1	13.14	9.32	11.09	13.33	14.07	22.4	14.09	12.7	12.57	15.52	12.66	1.38		2.76	7.6	5.79	7.49	9.48	13.75	33.69	47.36	17.12	14.82	19.05	12.24	12.96	13.66	16.76	17.23	20.52	21.27	23.28	18.66	20.11	21.04	30.15	28.33	
59.48	61.32	65.33	59.01	60.23	60.25	59.18	60.86	58.19	57.51	44.19	55.9	54.79	52.75	50.11	48.01	46.39	46.58	45.02	45.38	39.54	35.76	30.89	28.43	28.78	32.16	26.36	30.51	54.98	54.25	52.91	51.09	44.47	45.52	45.21	48.31	47.56	44.18	38.13	36.61	34.99	34.44	33.61	40.29	38.69	33.73	30.71	30.32	32.93	30.0	26.66	27.16	25.23	21.81	24.43	17.09	17.07	18.28	11.37	15.85	12.07	13.81	15.97	16.35	24.25	15.87	14.26	14.07	16.48	13.01	3.95	2.76		4.84	3.64	6.83	7.64	11.14	33.59	46.02	15.68	13.18	17.17	9.57	10.2	10.9	14.03	14.5	17.76	18.54	20.83	17.18	19.42	21.23	29.53	29.2	
62.21	64.96	69.06	63.02	64.31	64.37	63.37	65.05	62.54	61.97	48.48	60.45	59.44	57.39	54.79	52.82	51.22	51.39	49.83	50.2	44.34	40.42	35.67	33.25	33.62	36.73	30.81	34.73	58.18	57.19	55.82	53.94	48.17	48.75	48.26	51.1	50.29	46.88	41.08	39.81	38.18	37.77	37.03	43.87	42.51	37.84	35.09	34.81	36.41	33.76	29.87	30.82	29.12	26.29	27.88	20.68	20.66	22.57	15.78	20.65	16.88	18.6	20.65	20.59	27.78	19.49	17.64	17.38	19.14	14.99	8.76	7.6	4.84		3.72	8.09	6.19	6.79	34.08	44.09	14.27	11.52	14.68	5.19	5.37	6.07	9.32	9.71	12.94	13.81	16.85	15.36	19.01	22.27	28.94	31.16	
63.09	64.94	68.93	62.55	63.74	63.75	62.65	64.32	61.57	60.8	47.61	59.11	57.89	55.86	53.15	50.77	48.64	48.67	47.1	47.53	41.58	37.37	32.89	30.62	31.42	33.55	27.53	31.28	58.62	57.88	56.53	54.71	48.08	49.16	48.84	51.92	51.16	47.78	41.75	40.25	38.63	38.08	37.25	43.92	42.28	37.24	34.1	33.62	36.57	33.61	30.3	30.79	28.82	25.15	28.07	20.72	20.7	21.76	14.84	18.76	14.38	15.96	17.73	17.22	24.11	15.86	13.97	13.7	20.04	16.36	7.16	5.79	3.64	3.72		4.46	4.02	8.19	36.5	47.58	17.48	14.78	18.24	8.85	8.47	9.17	12.63	12.06	15.89	17.04	20.54	13.62	16.31	18.91	26.4	27.56	
65.58	66.47	70.33	63.59	64.66	64.59	63.39	65.05	62.02	60.99	48.25	59.09	57.6	55.62	52.76	49.84	46.91	46.72	45.13	45.66	39.6	34.91	30.95	28.99	30.47	30.87	24.72	28.02	60.68	60.19	58.89	57.12	49.64	51.24	51.11	54.4	53.7	50.36	44.15	42.43	40.83	40.14	39.22	45.66	43.73	38.31	34.75	34.02	38.49	35.24	32.58	32.59	30.36	25.79	30.14	22.83	22.81	22.89	16.16	18.61	13.54	14.76	15.9	14.38	20.24	12.26	10.23	9.91	22.95	19.76	8.73	7.49	6.83	8.09	4.46		4.05	10.45	40.42	52.03	21.88	19.21	22.69	13.04	12.13	12.77	16.31	14.76	19.05	20.5	24.67	11.42	12.69	14.55	22.78	23.11	
67.1	68.83	72.78	66.3	67.45	67.43	66.29	67.97	65.1	64.21	51.21	62.42	61.06	59.05	56.26	53.55	50.85	50.7	49.12	49.63	43.59	38.95	34.92	32.89	34.16	34.92	28.77	32.02	62.6	61.88	60.55	58.72	51.97	53.14	52.85	55.93	55.18	51.8	45.76	44.24	42.62	42.06	41.21	47.85	46.14	40.98	37.68	37.09	40.52	37.5	34.3	34.71	32.68	28.7	32.04	24.69	24.67	25.48	18.58	21.91	17.1	18.47	19.81	18.43	24.01	16.21	14.15	13.82	24.05	20.31	10.86	9.48	7.64	6.19	4.02	4.05		6.47	40.13	50.04	20.45	17.69	20.61	10.25	8.76	9.32	12.81	10.81	15.2	16.78	21.53	9.63	12.82	16.38	22.79	25.67	
68.62	71.71	75.83	69.8	71.09	71.15	70.13	71.81	69.26	68.63	55.22	67.04	65.92	63.89	61.22	58.95	56.77	56.74	55.16	55.62	49.63	45.2	40.94	38.75	39.61	41.25	35.12	38.47	64.81	63.71	62.34	60.42	54.93	55.41	54.84	57.56	56.73	53.31	47.64	46.47	44.84	44.46	43.75	50.61	49.29	44.62	41.79	41.44	43.15	40.54	36.55	37.59	35.91	32.92	34.62	27.46	27.44	29.29	22.44	26.87	22.57	24.12	25.77	24.76	30.44	22.67	20.62	20.28	25.72	21.39	15.06	13.75	11.14	6.79	8.19	10.45	6.47		39.07	46.12	18.29	15.63	17.27	6.89	4.25	4.39	7.21	4.35	8.84	10.6	16.22	11.3	16.53	21.52	25.54	31.22	
35.03	44.72	49.22	47.02	49.0	49.6	49.63	51.05	51.24	52.72	39.61	53.12	54.32	52.47	51.56	54.02	58.33	59.98	58.85	58.45	54.86	55.07	48.8	45.68	42.15	53.65	50.33	55.48	35.13	32.22	30.87	28.84	32.12	28.08	26.07	26.14	25.09	22.33	20.81	22.35	21.56	22.62	23.21	28.09	29.84	30.8	32.81	34.38	23.49	25.26	19.73	23.55	25.38	30.93	21.57	23.54	23.54	28.28	29.43	34.42	36.77	38.12	40.83	44.31	53.59	46.28	45.53	45.51	19.87	21.12	32.96	33.69	33.59	34.08	36.5	40.42	40.13	39.07		22.65	20.94	23.48	23.19	32.22	34.95	35.05	34.28	38.6	37.29	35.7	29.7	49.41	52.81	54.7	62.88	61.71	
52.86	65.28	69.66	68.66	70.71	71.41	71.62	72.95	73.54	75.2	62.25	75.71	76.96	75.12	74.18	76.4	80.07	81.52	80.28	80.01	75.86	75.09	68.91	65.78	62.93	72.97	68.63	73.63	55.31	51.79	50.6	48.76	54.41	49.73	47.48	46.47	45.46	43.37	43.14	44.92	44.19	45.27	45.85	50.58	52.47	53.29	54.89	56.3	46.12	47.63	41.79	45.6	47.03	51.49	43.16	42.93	42.92	48.07	46.83	52.94	53.61	55.3	58.13	60.62	69.57	61.4	60.06	59.92	38.33	37.17	47.22	47.36	46.02	44.09	47.58	52.03	50.04	46.12	22.65		30.33	32.88	29.44	39.92	42.06	41.77	39.2	43.53	40.07	37.87	30.73	57.42	62.44	66.36	71.66	75.1	
52.86	58.64	63.04	58.4	60.02	60.32	59.7	61.34	59.86	60.13	46.04	59.34	59.22	57.16	55.14	54.96	55.83	56.64	55.19	55.25	50.07	47.77	42.01	39.05	37.59	44.89	39.79	44.51	50.45	48.63	47.21	45.19	42.72	41.49	40.36	42.27	41.33	37.97	33.28	32.96	31.43	31.55	31.25	38.15	37.93	35.11	34.12	34.67	30.91	29.71	24.11	26.69	26.28	27.11	23.37	18.45	18.43	22.96	18.81	25.31	24.44	26.25	29.0	30.83	39.49	31.21	29.78	29.62	14.16	10.22	17.13	17.12	15.68	14.27	17.48	21.88	20.45	18.29	20.94	30.33		2.76	3.87	11.39	14.08	14.15	13.45	17.68	16.84	15.61	11.64	29.1	33.25	36.39	43.06	44.83	
54.69	59.86	64.21	59.28	60.84	61.09	60.4	62.05	60.36	60.46	46.41	59.53	59.23	57.16	55.02	54.49	54.9	55.6	54.12	54.23	48.9	46.29	40.67	37.78	36.64	43.25	37.97	42.58	51.93	50.28	48.86	46.86	43.68	42.83	41.83	43.95	43.03	39.64	34.67	34.14	32.57	32.58	32.18	39.14	38.67	35.44	34.08	34.47	31.77	30.24	24.92	27.18	26.49	26.59	23.88	18.28	18.26	22.41	17.58	24.03	22.65	24.49	27.17	28.73	37.21	28.88	27.39	27.21	14.4	10.03	14.97	14.82	13.18	11.52	14.78	19.21	17.69	15.63	23.48	32.88	2.76		4.49	8.75	11.47	11.58	11.28	15.3	14.96	14.0	11.27	26.35	30.49	33.69	40.3	42.22	
56.13	62.32	66.74	62.21	63.85	64.15	63.55	65.18	63.73	64.0	49.91	63.21	63.06	61.0	58.95	58.66	59.29	60.02	58.55	58.65	53.36	50.78	45.15	42.25	41.03	47.73	42.42	46.99	54.0	52.06	50.64	48.61	46.51	45.13	43.93	45.69	44.73	41.4	36.91	36.68	35.18	35.34	35.06	41.94	41.77	38.98	37.94	38.45	34.74	33.58	27.96	30.56	30.14	30.77	27.24	22.22	22.2	26.6	22.03	28.5	27.12	28.96	31.62	33.06	41.38	33.02	31.43	31.23	18.01	13.94	19.31	19.05	17.17	14.68	18.24	22.69	20.61	17.27	23.19	29.44	3.87	4.49		10.63	13.03	12.9	11.31	15.78	14.1	12.57	7.82	28.48	33.15	36.92	42.66	45.8	
62.52	66.49	70.72	65.14	66.54	66.68	65.8	67.47	65.27	64.95	51.19	63.63	62.86	60.79	58.33	56.79	55.71	56.0	54.45	54.77	49.0	45.33	40.38	37.84	37.83	41.72	35.87	39.87	59.14	57.81	56.41	54.46	49.89	49.83	49.08	51.57	50.7	47.28	41.87	40.94	39.32	39.09	38.5	45.45	44.46	40.33	38.05	38.01	37.97	35.75	31.19	32.71	31.39	29.56	29.57	22.79	22.77	25.58	19.2	24.75	21.54	23.32	25.53	25.72	32.96	24.67	22.82	22.55	20.22	15.68	13.16	12.24	9.57	5.19	8.85	13.04	10.25	6.89	32.22	39.92	11.39	8.75	10.63		2.74	2.98	4.7	7.15	8.78	9.13	11.68	17.89	22.55	26.63	32.05	35.86	
65.14	68.86	73.06	67.33	68.69	68.81	67.88	69.56	67.23	66.8	53.15	65.39	64.49	62.43	59.9	58.08	56.59	56.76	55.19	55.56	49.7	45.72	41.03	38.61	38.94	41.97	35.99	39.75	61.65	60.38	58.99	57.04	52.19	52.3	51.6	54.16	53.3	49.88	44.39	43.39	41.77	41.49	40.86	47.79	46.69	42.36	39.89	39.73	40.3	37.95	33.57	34.94	33.48	31.23	31.84	24.91	24.89	27.36	20.75	25.92	22.25	23.96	25.97	25.69	32.35	24.22	22.26	21.96	22.62	18.13	14.07	12.96	10.2	5.37	8.47	12.13	8.76	4.25	34.95	42.06	14.08	11.47	13.03	2.74		0.71	4.19	4.78	7.57	8.57	12.78	15.46	20.41	24.91	29.69	34.38	
65.49	69.34	73.55	67.87	69.24	69.36	68.45	70.12	67.83	67.41	53.74	66.01	65.14	63.08	60.55	58.76	57.29	57.46	55.9	56.27	50.4	46.43	41.73	39.32	39.63	42.67	36.68	40.43	62.07	60.77	59.37	57.42	52.7	52.74	52.02	54.53	53.67	50.25	44.8	43.84	42.22	41.96	41.34	48.28	47.22	42.94	40.5	40.36	40.79	38.48	34.05	35.46	34.04	31.87	32.35	25.46	25.44	27.98	21.4	26.61	22.95	24.66	26.68	26.38	33.0	24.88	22.92	22.62	23.09	18.57	14.77	13.66	10.9	6.07	9.17	12.77	9.32	4.39	35.05	41.77	14.15	11.58	12.9	2.98	0.71		3.54	4.26	6.86	7.87	12.26	15.68	20.75	25.37	29.92	34.89	
65.92	70.54	74.82	69.43	70.88	71.05	70.21	71.88	69.78	69.52	55.7	68.25	67.51	65.45	63.01	61.49	60.34	60.59	59.03	59.37	53.56	49.74	44.92	42.42	42.51	46.04	40.1	43.91	62.93	61.41	60.01	58.02	54.07	53.7	52.83	55.11	54.21	50.81	45.64	44.88	43.28	43.14	42.61	49.58	48.75	44.8	42.65	42.64	42.11	40.07	35.28	37.02	35.82	34.22	33.82	27.24	27.21	30.21	23.89	29.44	26.08	27.83	29.95	29.83	36.54	28.41	26.46	26.16	24.36	19.76	17.76	16.76	14.03	9.32	12.63	16.31	12.81	7.21	34.28	39.2	13.45	11.28	11.31	4.7	4.19	3.54		4.51	4.15	4.51	9.01	18.31	23.72	28.66	32.51	38.27	
69.62	73.6	77.81	72.11	73.48	73.59	72.66	74.33	71.99	71.53	57.91	70.08	69.12	67.07	64.5	62.51	60.68	60.73	59.16	59.58	53.64	49.36	44.94	42.66	43.26	45.45	39.36	42.79	66.29	64.95	63.55	61.59	56.95	56.97	56.23	58.7	57.82	54.41	49.02	48.08	46.46	46.21	45.6	52.54	51.47	47.14	44.62	44.42	45.05	42.73	38.3	39.71	38.26	35.91	36.61	29.69	29.67	32.08	25.41	30.34	26.35	27.98	29.79	28.99	34.79	27.01	24.96	24.62	27.34	22.81	18.44	17.23	14.5	9.71	12.06	14.76	10.81	4.35	38.6	43.53	17.68	15.3	15.78	7.15	4.78	4.26	4.51		4.58	6.55	12.97	14.32	20.04	25.47	28.36	35.27	
69.63	74.56	78.86	73.54	75.0	75.18	74.35	76.02	73.93	73.67	59.85	72.39	71.64	69.57	67.11	65.5	64.15	64.33	62.76	63.13	57.27	53.24	48.59	46.18	46.44	49.43	43.4	47.0	66.83	65.23	63.82	61.82	58.14	57.65	56.73	58.9	57.98	54.59	49.55	48.87	47.28	47.17	46.67	53.64	52.86	48.94	46.8	46.78	46.19	44.2	39.34	41.14	39.97	38.34	37.93	31.38	31.36	34.35	27.97	33.39	29.82	31.53	33.52	33.06	39.21	31.3	29.28	28.95	28.44	23.85	21.6	20.52	17.76	12.94	15.89	19.05	15.2	8.84	37.29	40.07	16.84	14.96	14.1	8.78	7.57	6.86	4.15	4.58		2.23	9.35	18.63	24.48	30.03	32.43	39.84	
68.48	73.83	78.16	73.04	74.55	74.75	73.97	75.64	73.69	73.54	59.63	72.35	71.71	69.64	67.25	65.87	64.83	65.09	63.54	63.87	58.07	54.24	49.43	46.93	46.96	50.52	44.55	48.3	65.92	64.2	62.79	60.78	57.54	56.82	55.81	57.86	56.92	53.55	48.67	48.11	46.54	46.5	46.04	53.02	52.37	48.68	46.74	46.81	45.6	43.78	38.74	40.72	39.69	38.45	37.46	31.15	31.13	34.39	28.22	33.88	30.59	32.34	34.46	34.25	40.73	32.7	30.71	30.4	27.93	23.36	22.26	21.27	18.54	13.81	17.04	20.5	16.78	10.6	35.7	37.87	15.61	14.0	12.57	9.13	8.57	7.87	4.51	6.55	2.23		7.18	20.77	26.57	32.0	34.63	41.77	
63.55	70.11	74.53	70.02	71.66	71.95	71.34	72.98	71.46	71.65	57.58	70.77	70.5	68.43	66.29	65.65	65.65	66.2	64.69	64.88	59.35	56.2	50.9	48.16	47.45	52.81	47.14	51.34	61.69	59.65	58.23	56.19	54.33	52.9	51.65	53.28	52.3	49.01	44.67	44.49	42.99	43.16	42.88	49.76	49.56	46.62	45.35	45.73	42.54	41.3	35.75	38.26	37.71	37.77	34.95	29.55	29.53	33.59	28.3	34.55	32.25	34.09	36.54	37.18	44.64	36.33	34.49	34.23	25.58	21.29	23.93	23.28	20.83	16.85	20.54	24.67	21.53	16.22	29.7	30.73	11.64	11.27	7.82	11.68	12.78	12.26	9.01	12.97	9.35	7.18		27.22	32.73	37.62	41.33	47.15	
76.66	77.89	81.75	74.98	76.02	75.94	74.7	76.36	73.21	72.05	59.55	70.02	68.35	66.4	63.45	60.01	56.07	55.52	53.94	54.63	48.49	43.04	40.13	38.67	40.86	38.72	32.58	34.57	71.98	71.37	70.05	68.24	61.05	62.52	62.31	65.48	64.74	61.37	55.27	53.66	52.05	51.43	50.53	57.05	55.15	49.72	46.08	45.27	49.82	46.63	43.75	43.94	41.76	37.15	41.4	34.06	34.04	34.32	27.56	29.78	24.5	25.43	25.92	23.1	25.28	19.59	17.64	17.26	33.65	29.93	19.98	18.66	17.18	15.36	13.62	11.42	9.63	11.3	49.41	57.42	29.1	26.35	28.48	17.89	15.46	15.68	18.31	14.32	18.63	20.77	27.22		6.08	12.47	14.24	22.26	
77.99	78.01	81.67	74.51	75.4	75.23	73.88	75.52	72.06	70.63	58.78	68.38	66.42	64.54	61.48	57.5	52.75	51.96	50.41	51.2	45.09	39.26	37.08	36.02	38.83	34.87	28.92	30.21	72.76	72.49	71.21	69.5	61.3	63.38	63.4	66.82	66.15	62.85	56.55	54.69	53.11	52.34	51.35	57.54	55.33	49.55	45.54	44.49	50.58	47.11	44.97	44.64	42.23	36.84	42.42	35.21	35.2	34.57	28.24	29.12	23.71	24.22	24.04	20.47	20.67	16.53	14.91	14.56	35.62	32.42	21.27	20.11	19.42	19.01	16.31	12.69	12.82	16.53	52.81	62.44	33.25	30.49	33.15	22.55	20.41	20.75	23.72	20.04	24.48	26.57	32.73	6.08		6.66	10.11	16.25	
77.24	75.94	79.38	71.86	72.59	72.34	70.88	72.48	68.74	67.04	55.95	64.59	62.38	60.58	57.43	52.96	47.52	46.53	45.01	45.88	39.85	33.75	32.27	31.64	35.02	29.36	23.7	24.29	71.45	71.54	70.32	68.72	59.51	62.22	62.5	66.18	65.59	62.4	55.95	53.82	52.31	51.39	50.31	56.06	53.55	47.48	43.14	41.86	49.49	45.77	44.48	43.59	40.98	34.9	41.78	34.93	34.91	33.32	27.72	27.09	21.86	21.87	20.95	16.78	14.72	12.71	11.74	11.5	36.22	33.7	21.9	21.04	21.23	22.27	18.91	14.55	16.38	21.52	54.7	66.36	36.39	33.69	36.92	26.63	24.91	25.37	28.66	25.47	30.03	32.0	37.62	12.47	6.66		11.36	9.89	
87.74	87.07	90.59	83.15	83.91	83.67	82.22	83.83	80.1	78.39	67.26	75.93	73.68	71.89	68.73	64.11	58.26	57.08	55.6	56.54	50.62	44.32	43.38	42.91	46.38	39.98	34.64	34.52	82.26	82.15	80.9	79.23	70.53	72.94	73.07	76.6	75.96	72.69	66.33	64.36	62.81	61.97	60.94	66.93	64.55	58.58	54.34	53.12	60.15	56.55	54.76	54.21	51.7	45.92	52.16	45.04	45.03	44.02	37.95	38.1	32.76	32.96	32.24	28.13	25.2	24.06	22.95	22.68	45.66	42.53	31.26	30.15	29.53	28.94	26.4	22.78	22.79	25.54	62.88	71.66	43.06	40.3	42.66	32.05	29.69	29.92	32.51	28.36	32.43	34.63	41.33	14.24	10.11	11.36		15.85	
80.83	77.61	80.67	72.68	73.13	72.74	71.12	72.63	68.46	66.32	56.77	63.56	60.9	59.29	56.04	50.69	43.84	42.38	40.98	42.02	36.41	29.88	30.27	30.63	34.91	25.76	21.45	19.9	74.31	74.92	73.8	72.39	61.89	65.45	66.09	70.05	69.59	66.58	60.06	57.64	56.24	55.14	53.97	58.96	56.06	49.74	45.06	43.47	53.11	49.17	49.04	47.45	44.66	37.91	46.23	40.1	40.09	37.37	33.04	30.51	26.08	25.39	23.47	19.05	11.93	15.87	16.25	16.24	42.33	40.61	28.86	28.33	29.2	31.16	27.56	23.11	25.67	31.22	61.71	75.1	44.83	42.22	45.8	35.86	34.38	34.89	38.27	35.27	39.84	41.77	47.15	22.26	16.25	9.89	15.85		
