n: 70
deposito: 64
clusters: 14
factor: 1

xcoord[n]:
64.0
80.0
69.0
72.0
48.0
58.0
81.0
79.0
30.0
42.0
7.0
29.0
78.0
64.0
95.0
57.0
40.0
68.0
92.0
62.0
28.0
76.0
67.0
93.0
6.0
87.0
30.0
77.0
78.0
55.0
82.0
73.0
20.0
27.0
95.0
67.0
48.0
75.0
8.0
20.0
54.0
63.0
44.0
52.0
12.0
25.0
58.0
5.0
90.0
41.0
25.0
37.0
56.0
10.0
98.0
16.0
89.0
48.0
81.0
29.0
17.0
5.0
79.0
9.0
17.0
74.0
10.0
48.0
83.0
84.0

ycoord[n]:
96.0
39.0
23.0
42.0
67.0
43.0
34.0
17.0
23.0
67.0
76.0
51.0
92.0
8.0
57.0
91.0
35.0
40.0
34.0
1.0
43.0
73.0
88.0
54.0
8.0
18.0
9.0
13.0
94.0
3.0
88.0
28.0
55.0
43.0
86.0
99.0
83.0
81.0
19.0
18.0
38.0
36.0
33.0
18.0
13.0
5.0
85.0
67.0
9.0
76.0
76.0
64.0
63.0
55.0
7.0
74.0
60.0
82.0
76.0
60.0
22.0
45.0
70.0
100.0
82.0
67.0
68.0
19.0
86.0
94.0

color[n]:
#b083ae
#2b5dea
#2b5dea
#4caba7
#1bfcd0
#4caba7
#2b5dea
#2b5dea
#8980ff
#1bfcd0
#97351d
#f90449
#b083ae
#ef03a0
#c0cb6c
#1bfcd0
#8980ff
#4caba7
#c0cb6c
#ef03a0
#8980ff
#8afdaf
#b083ae
#c0cb6c
#f08a20
#f1783d
#8980ff
#2b5dea
#b083ae
#ef03a0
#7a3125
#2b5dea
#f90449
#8980ff
#7a3125
#b083ae
#1bfcd0
#8afdaf
#f08a20
#8980ff
#4caba7
#4caba7
#4caba7
#ef03a0
#f08a20
#f08a20
#1bfcd0
#f90449
#f1783d
#1bfcd0
#97351d
#97351d
#4caba7
#f90449
#f1783d
#97351d
#c0cb6c
#1bfcd0
#8afdaf
#97351d
#8980ff
#f90449
#8afdaf
#5c6c22
#97351d
#8afdaf
#f90449
#ef03a0
#7a3125
#7a3125

Np[1]: 25 39 45 46  ;
Np[2]: 31 35 69 70  ;
Np[3]: 64  ;
Np[4]: 26 49 55  ;
Np[5]: 4 6 18 41 42 43 53  ;
Np[6]: 12 33 48 54 62 67  ;
Np[7]: 5 10 16 37 47 50 58  ;
Np[8]: 14 20 30 44 68  ;
Np[9]: 15 19 24 57  ;
Np[10]: 9 17 21 27 34 40 61  ;
Np[11]: 1 13 23 29 36  ;
Np[12]: 11 51 52 56 60 65  ;
Np[13]: 2 3 7 8 28 32  ;
Np[14]: 22 38 59 63 66  ;


c[n,n]:
	59.2	73.17	54.59	33.12	53.34	64.29	80.41	80.53	36.4	60.41	57.01	14.56	88.0	49.82	8.6	65.55	56.14	68.03	95.02	64.07	25.94	8.54	51.04	105.39	81.32	93.41	84.01	14.14	93.43	19.7	68.59	60.14	64.64	32.57	4.24	20.62	18.6	95.21	89.55	58.86	60.01	66.1	78.92	97.94	99.01	12.53	65.74	90.8	30.48	43.83	41.87	33.96	67.8	95.27	52.8	43.83	21.26	26.25	50.21	87.66	77.99	30.02	55.15	49.04	30.68	60.83	78.64	21.47	20.1	
59.2		19.42	8.54	42.52	22.36	5.1	22.02	52.5	47.2	81.84	52.39	53.04	34.89	23.43	56.86	40.2	12.04	13.0	42.05	52.15	34.23	50.7	19.85	80.23	22.14	58.31	26.17	55.04	43.83	49.04	13.04	62.1	53.15	49.34	61.39	54.41	42.3	74.73	63.57	26.02	17.26	36.5	35.0	72.8	64.66	50.99	80.06	31.62	53.76	66.29	49.74	33.94	71.81	36.72	72.95	22.85	53.6	37.01	55.15	65.25	75.24	31.02	93.61	76.28	28.64	75.77	37.74	47.1	55.15	
73.17	19.42		19.24	48.75	22.83	16.28	11.66	39.0	51.62	81.57	48.83	69.58	15.81	42.8	69.05	31.38	17.03	25.5	23.09	45.62	50.49	65.03	39.2	64.76	18.68	41.44	12.81	71.57	24.41	66.29	6.4	58.52	46.52	68.15	76.03	63.57	58.31	61.13	49.25	21.21	14.32	26.93	17.72	57.87	47.54	62.97	77.67	25.24	59.94	68.88	52.01	42.06	67.12	33.12	73.55	42.06	62.63	54.34	54.49	52.01	67.68	48.05	97.62	78.64	44.28	74.2	21.38	64.54	72.57	
54.59	8.54	19.24		34.66	14.04	12.04	25.96	46.1	39.05	73.36	43.93	50.36	34.93	27.46	51.24	32.76	4.47	21.54	42.2	44.01	31.26	46.27	24.19	74.24	28.3	53.41	29.43	52.35	42.54	47.07	14.04	53.6	45.01	49.65	57.22	47.51	39.12	68.01	57.27	18.44	10.82	29.41	31.24	66.64	59.82	45.22	71.51	37.59	46.01	58.01	41.34	26.4	63.35	43.6	64.5	24.76	46.65	35.17	46.62	58.52	67.07	28.86	85.63	68.01	25.08	67.23	33.24	45.35	53.37	
33.12	42.52	48.75	34.66		26.0	46.67	58.83	47.54	6.0	41.98	24.84	39.05	61.13	48.05	25.63	32.98	33.6	55.0	67.47	31.24	28.64	28.32	46.84	72.42	62.63	60.73	61.29	40.36	64.38	39.96	46.32	30.46	31.89	50.7	37.22	16.0	30.41	62.48	56.44	29.61	34.44	34.23	49.16	64.9	66.13	20.59	43.0	71.61	11.4	24.7	11.4	8.94	39.85	78.1	32.76	41.59	15.0	34.21	20.25	54.64	48.3	31.14	51.09	34.44	26.0	38.01	48.0	39.82	45.0	
53.34	22.36	22.83	14.04	26.0		24.7	33.42	34.41	28.84	60.75	30.08	52.92	35.51	39.56	48.01	19.7	10.44	35.17	42.19	30.0	34.99	45.89	36.69	62.68	38.29	44.05	35.51	54.78	40.11	51.0	21.21	39.85	31.0	56.73	56.72	41.23	41.63	55.46	45.49	6.4	8.6	17.2	25.71	54.92	50.33	42.0	58.18	46.69	37.12	46.67	29.7	20.1	49.48	53.81	52.2	35.36	40.26	40.22	33.62	46.07	53.04	34.21	75.17	56.59	28.84	54.12	26.0	49.74	57.25	
64.29	5.1	16.28	12.04	46.67	24.7		17.12	52.17	51.09	85.09	54.71	58.08	31.06	26.93	61.85	41.01	14.32	11.0	38.08	53.76	39.32	55.79	23.32	79.38	17.09	56.8	21.38	60.07	40.46	54.01	10.0	64.51	54.74	53.85	66.49	59.08	47.38	74.53	63.06	27.29	18.11	37.01	33.12	72.12	63.06	55.95	82.86	26.57	58.0	70.0	53.25	38.29	74.04	31.91	76.32	27.2	58.25	42.0	58.14	65.12	76.79	36.06	97.67	80.0	33.73	78.72	36.25	52.04	60.07	
80.41	22.02	11.66	25.96	58.83	33.42	17.12		49.37	62.2	93.09	60.46	75.01	17.49	43.08	77.2	42.95	25.5	21.4	23.35	57.25	56.08	72.01	39.56	73.55	8.06	49.65	4.47	77.01	27.78	71.06	12.53	70.18	58.14	70.83	82.87	72.92	64.12	71.03	59.01	32.65	24.84	38.48	27.02	67.12	55.32	71.17	89.31	13.6	70.18	79.98	63.03	51.43	78.77	21.47	84.96	44.15	72.01	59.03	65.95	62.2	79.12	53.0	108.58	89.83	50.25	85.8	31.06	69.12	77.16	
80.53	52.5	39.0	46.1	47.54	34.41	52.17	49.37		45.61	57.78	28.02	84.05	37.16	73.36	73.16	15.62	41.63	62.97	38.83	20.1	67.94	74.79	70.21	28.3	57.22	14.0	48.05	85.7	32.02	83.24	43.29	33.53	20.22	90.52	84.53	62.64	73.41	22.36	11.18	28.3	35.47	17.2	22.56	20.59	18.68	68.03	50.61	61.61	54.13	53.24	41.59	47.71	37.74	69.86	52.89	69.64	61.68	73.55	37.01	13.04	33.3	67.9	79.81	60.42	62.23	49.24	18.44	82.33	89.2	
36.4	47.2	51.62	39.05	6.0	28.84	51.09	62.2	45.61		36.14	20.62	43.83	62.97	53.94	28.3	32.06	37.48	59.91	68.96	27.78	34.53	32.65	52.63	69.12	66.53	59.23	64.35	45.0	65.31	45.18	49.82	25.06	28.3	56.3	40.61	17.09	35.85	58.82	53.71	31.38	37.44	34.06	50.01	61.77	64.29	24.08	37.0	75.29	9.06	19.24	5.83	14.56	34.18	82.07	26.93	47.52	16.16	40.02	14.76	51.48	43.05	37.12	46.67	29.15	32.0	32.02	48.37	45.19	49.93	
60.41	81.84	81.57	73.36	41.98	60.75	85.09	93.09	57.78	36.14		33.3	72.78	88.73	90.03	52.2	52.63	70.83	94.81	93.01	39.12	69.07	61.19	88.77	68.01	98.81	70.84	94.18	73.25	87.37	75.95	81.61	24.7	38.59	88.57	64.26	41.59	68.18	57.01	59.44	60.44	68.82	56.73	73.41	63.2	73.25	51.79	9.22	106.67	34.0	18.0	32.31	50.7	21.21	114.2	9.22	83.55	41.44	74.0	27.2	54.92	31.06	72.25	24.08	11.66	67.6	8.54	70.21	76.66	79.08	
57.01	52.39	48.83	43.93	24.84	30.08	54.71	60.46	28.02	20.62	33.3		63.89	55.44	66.27	48.83	19.42	40.52	65.25	59.91	8.06	51.89	53.04	64.07	48.76	66.73	42.01	61.22	65.19	54.59	64.64	49.65	9.85	8.25	74.71	61.22	37.22	54.92	38.28	34.21	28.18	37.16	23.43	40.22	41.63	46.17	44.69	28.84	74.06	27.73	25.32	15.26	29.55	19.42	81.84	26.42	60.67	36.36	57.7	9.0	31.38	24.74	53.49	52.92	33.24	47.76	25.5	37.22	64.35	69.81	
14.56	53.04	69.58	50.36	39.05	52.92	58.08	75.01	84.05	43.83	72.78	63.89		85.16	38.91	21.02	68.51	52.95	59.67	92.4	70.01	19.1	11.7	40.85	110.63	74.55	95.88	79.01	2.0	91.92	5.66	64.2	68.8	70.72	18.03	13.04	31.32	11.4	101.14	94.02	59.09	57.97	68.1	78.43	102.94	101.87	21.19	77.16	83.86	40.31	55.36	49.65	36.4	77.41	87.32	64.56	33.84	31.62	16.28	58.52	92.85	86.82	22.02	69.46	61.81	25.32	72.11	78.92	7.81	6.32	
88.0	34.89	15.81	34.93	61.13	35.51	31.06	17.49	37.16	62.97	88.73	55.44	85.16		57.98	83.29	36.12	32.25	38.21	7.28	50.21	66.1	80.06	54.38	58.0	25.08	34.01	13.93	87.13	10.3	82.0	21.93	64.38	50.93	83.93	91.05	76.69	73.82	57.07	45.12	31.62	28.02	32.02	15.62	52.24	39.12	77.23	83.44	26.02	71.78	78.39	62.17	55.58	71.59	34.01	81.61	57.7	75.71	70.09	62.68	49.04	69.64	63.79	107.19	87.66	59.84	80.72	19.42	80.28	88.29	
49.82	23.43	42.8	27.46	48.05	39.56	26.93	43.08	73.36	53.94	90.03	66.27	38.91	57.98		50.99	59.24	31.91	23.19	65.0	68.45	24.84	41.77	3.61	101.6	39.81	80.8	47.54	40.72	67.2	33.62	36.4	75.03	69.43	29.0	50.48	53.71	31.24	94.94	84.53	45.19	38.28	56.36	58.05	93.94	87.2	46.4	90.55	48.26	57.25	72.53	58.42	39.46	85.02	50.09	80.81	6.71	53.24	23.6	66.07	85.49	90.8	20.62	96.15	81.91	23.26	85.71	60.44	31.38	38.6	
8.6	56.86	69.05	51.24	25.63	48.01	61.85	77.2	73.16	28.3	52.2	48.83	21.02	83.29	50.99		58.52	52.17	66.89	90.14	56.08	26.17	10.44	51.62	97.42	78.92	86.33	80.52	21.21	88.02	25.18	65.0	51.62	56.6	38.33	12.81	12.04	20.59	87.09	81.84	53.08	55.33	59.44	73.17	90.05	91.76	6.08	57.27	88.39	21.93	35.34	33.6	28.02	59.2	93.47	44.38	44.55	12.73	28.3	41.77	79.76	69.43	30.41	48.84	41.0	29.41	52.33	72.56	26.48	27.17	
65.55	40.2	31.38	32.76	32.98	19.7	41.01	42.95	15.62	32.06	52.63	19.42	68.51	36.12	59.24	58.52		28.44	52.01	40.5	14.42	52.35	59.48	56.3	43.42	49.98	27.86	43.05	70.18	35.34	67.62	33.73	28.28	15.26	75.01	69.46	48.66	57.8	35.78	26.25	14.32	23.02	4.47	20.81	35.61	33.54	53.14	47.42	56.36	41.01	43.66	29.15	32.25	36.06	64.4	45.79	55.01	47.68	57.98	27.31	26.42	36.4	52.4	72.01	52.33	46.69	44.6	17.89	66.71	73.6	
56.14	12.04	17.03	4.47	33.6	10.44	14.32	25.5	41.63	37.48	70.83	40.52	52.95	32.25	31.91	52.17	28.44		24.74	39.46	40.11	33.96	48.01	28.65	69.77	29.07	49.04	28.46	54.92	39.22	50.0	13.0	50.29	41.11	53.34	59.01	47.42	41.59	63.57	52.8	14.14	6.4	25.0	27.2	62.17	55.44	46.1	68.54	38.01	45.0	56.08	39.2	25.94	59.91	44.6	62.13	29.0	46.52	38.28	43.83	54.08	63.2	31.95	84.15	66.07	27.66	64.4	29.0	48.38	56.32	
68.03	13.0	25.5	21.54	55.0	35.17	11.0	21.4	62.97	59.91	94.81	65.25	59.67	38.21	23.19	66.89	52.01	24.74		44.6	64.63	42.15	59.51	20.02	89.84	16.76	66.85	25.81	61.61	48.27	54.92	19.92	75.0	65.62	52.09	69.64	65.86	49.98	85.33	73.76	38.21	29.07	48.01	43.08	82.71	73.01	61.29	93.05	25.08	66.07	79.08	62.65	46.23	84.65	27.66	85.88	26.17	65.12	43.42	68.15	75.95	87.69	38.28	106.04	89.04	37.59	88.77	46.49	52.77	60.53	
95.02	42.05	23.09	42.2	67.47	42.19	38.08	23.35	38.83	68.96	93.01	59.91	92.4	7.28	65.0	90.14	40.5	39.46	44.6		54.04	73.35	87.14	61.4	56.44	30.23	32.98	19.21	94.37	7.28	89.27	29.15	68.41	54.67	91.18	98.13	83.19	81.05	56.92	45.31	37.85	35.01	36.72	19.72	51.42	37.22	84.1	87.21	29.12	77.88	83.63	67.78	62.29	74.97	36.5	86.28	64.88	82.2	77.37	67.6	49.66	72.01	71.06	112.29	92.66	67.08	84.81	22.8	87.56	95.57	
64.07	52.15	45.62	44.01	31.24	30.0	53.76	57.25	20.1	27.78	39.12	8.06	70.01	50.21	68.45	56.08	14.42	40.11	64.63	54.04		56.6	59.55	65.92	41.34	64.08	34.06	57.45	71.42	48.26	70.29	47.43	14.42	1.0	79.61	68.24	44.72	60.44	31.24	26.25	26.48	35.69	18.87	34.66	34.0	38.12	51.61	33.24	70.71	35.47	33.14	22.85	34.41	21.63	78.71	33.24	63.32	43.83	62.43	17.03	23.71	23.09	57.71	60.08	40.52	51.88	30.81	31.24	69.81	75.74	
25.94	34.23	50.49	31.26	28.64	34.99	39.32	56.08	67.94	34.53	69.07	51.89	19.1	66.1	24.84	26.17	52.35	33.96	42.15	73.35	56.6		17.49	25.5	95.52	56.09	78.82	60.01	21.1	73.08	16.16	45.1	58.82	57.45	23.02	27.51	29.73	8.06	86.83	78.49	41.34	39.22	51.22	60.01	87.73	85.0	21.63	71.25	65.51	35.13	51.09	40.02	22.36	68.41	69.57	60.01	18.38	29.41	5.83	48.76	77.99	76.32	4.24	72.24	59.68	6.32	66.19	60.83	14.76	22.47	
8.54	50.7	65.03	46.27	28.32	45.89	55.79	72.01	74.79	32.65	61.19	53.04	11.7	80.06	41.77	10.44	59.48	48.01	59.51	87.14	59.55	17.49		42.8	100.6	72.8	87.24	75.66	12.53	85.84	15.0	60.3	57.43	60.21	28.07	11.0	19.65	10.63	90.79	84.31	51.66	52.15	59.62	71.59	93.01	93.02	9.49	65.46	82.28	28.64	43.68	38.42	27.31	65.86	86.73	52.89	35.61	19.92	18.44	47.2	82.8	75.45	21.63	59.23	50.36	22.14	60.41	71.57	16.12	18.03	
51.04	19.85	39.2	24.19	46.84	36.69	23.32	39.56	70.21	52.63	88.77	64.07	40.85	54.38	3.61	51.62	56.3	28.65	20.02	61.4	65.92	25.5	42.8		98.41	36.5	77.42	44.01	42.72	63.6	35.74	32.8	73.01	66.91	32.06	51.97	53.54	32.45	91.92	81.39	42.15	34.99	53.31	54.56	90.79	83.82	46.75	88.96	45.1	56.46	71.47	56.89	38.08	83.01	47.27	79.56	7.21	53.0	25.06	64.28	82.46	88.46	21.26	95.77	80.99	23.02	84.17	57.01	33.53	41.0	
105.39	80.23	64.76	74.24	72.42	62.68	79.38	73.55	28.3	69.12	68.01	48.76	110.63	58.0	101.6	97.42	43.42	69.77	89.84	56.44	41.34	95.52	100.6	98.41		81.61	24.02	71.18	112.16	49.25	110.34	69.92	49.04	40.82	118.34	109.55	85.96	100.45	11.18	17.2	56.6	63.51	45.49	47.07	7.81	19.24	92.91	59.01	84.01	76.48	70.6	64.01	74.33	47.17	92.01	66.75	97.94	85.09	101.24	56.86	17.8	37.01	95.78	92.05	74.81	90.03	60.13	43.42	109.6	116.1	
81.32	22.14	18.68	28.3	62.63	38.29	17.09	8.06	57.22	66.53	98.81	66.73	74.55	25.08	39.81	78.92	49.98	29.07	16.76	30.23	64.08	56.09	72.8	36.5	81.61		57.71	11.18	76.53	35.34	70.18	17.2	76.54	65.0	68.47	83.43	75.8	64.13	79.01	67.0	38.59	30.0	45.54	35.0	75.17	63.35	73.01	95.52	9.49	74.03	84.9	67.94	54.64	85.43	15.56	90.43	42.05	74.95	58.31	71.61	70.11	86.33	52.61	113.17	94.85	50.7	91.81	39.01	68.12	76.06	
93.41	58.31	41.44	53.41	60.73	44.05	56.8	49.65	14.0	59.23	70.84	42.01	95.88	34.01	80.8	86.33	27.86	49.04	66.85	32.98	34.06	78.82	87.24	77.42	24.02	57.71		47.17	97.62	25.71	94.58	47.01	47.07	34.13	100.77	97.31	76.16	84.91	24.17	13.45	37.64	42.64	27.78	23.77	18.44	6.4	80.99	63.16	60.0	67.9	67.19	55.44	59.93	50.16	68.03	66.49	77.99	75.19	84.2	51.01	18.38	43.83	78.24	93.39	74.15	72.8	62.3	20.59	93.48	100.7	
84.01	26.17	12.81	29.43	61.29	35.51	21.38	4.47	48.05	64.35	94.18	61.22	79.01	13.93	47.54	80.52	43.05	28.46	25.81	19.21	57.45	60.01	75.66	44.01	71.18	11.18	47.17		81.01	24.17	75.17	15.52	70.8	58.31	75.19	86.58	75.77	68.03	69.26	57.22	33.97	26.93	38.59	25.5	65.0	52.61	74.46	90.0	13.6	72.56	81.69	64.82	54.23	79.08	21.84	86.27	48.51	74.85	63.13	67.18	60.67	78.79	57.04	110.42	91.44	54.08	86.68	29.61	73.25	81.3	
14.14	55.04	71.57	52.35	40.36	54.78	60.07	77.01	85.7	45.0	73.25	65.19	2.0	87.13	40.72	21.21	70.18	54.92	61.61	94.37	71.42	21.1	12.53	42.72	112.16	76.53	97.62	81.01		93.86	7.21	66.19	69.89	72.12	18.79	12.08	31.95	13.34	102.59	95.6	60.93	59.91	69.84	80.32	104.48	103.59	21.93	77.83	85.84	41.15	55.97	50.8	38.01	78.39	89.27	65.15	35.74	32.31	18.25	59.64	94.37	87.92	24.02	69.26	62.17	27.29	72.8	80.78	9.43	6.0	
93.43	43.83	24.41	42.54	64.38	40.11	40.46	27.78	32.02	65.31	87.37	54.59	91.92	10.3	67.2	88.02	35.34	39.22	48.27	7.28	48.26	73.08	85.84	63.6	49.25	35.34	25.71	24.17	93.86		89.19	30.81	62.68	48.83	92.14	96.75	80.31	80.52	49.65	38.08	35.01	33.96	31.95	15.3	44.15	30.07	82.05	81.22	35.51	74.33	78.92	63.6	60.01	68.77	43.19	81.01	66.37	79.31	77.49	62.65	42.49	65.3	71.17	107.35	87.66	66.76	79.06	17.46	87.6	95.51	
19.7	49.04	66.29	47.07	39.96	51.0	54.01	71.06	83.24	45.18	75.95	64.64	5.66	82.0	33.62	25.18	67.62	50.0	54.92	89.27	70.29	16.16	15.0	35.74	110.34	70.18	94.58	75.17	7.21	89.19		60.67	70.24	71.06	13.15	18.6	34.37	9.9	101.18	93.51	57.31	55.36	66.85	76.16	102.59	100.69	24.19	79.81	79.4	42.72	58.25	51.0	36.07	79.2	82.57	67.47	28.86	34.53	12.04	59.94	92.63	88.19	18.25	73.98	65.28	22.47	74.73	76.92	2.24	6.32	
68.59	13.04	6.4	14.04	46.32	21.21	10.0	12.53	43.29	49.82	81.61	49.65	64.2	21.93	36.4	65.0	33.73	13.0	19.92	29.15	47.43	45.1	60.3	32.8	69.92	17.2	47.01	15.52	66.19	30.81	60.67		59.48	48.38	62.03	71.25	60.42	53.04	65.62	53.94	21.47	12.81	29.43	23.26	62.82	53.23	58.94	78.39	25.5	57.69	67.88	50.91	38.91	68.54	32.65	73.25	35.78	59.51	48.66	54.41	56.32	70.09	42.43	96.33	77.79	39.01	74.63	26.57	58.86	66.91	
60.14	62.1	58.52	53.6	30.46	39.85	64.51	70.18	33.53	25.06	24.7	9.85	68.8	64.38	75.03	51.62	28.28	50.29	75.0	68.41	14.42	58.82	57.43	73.01	49.04	76.54	47.07	70.8	69.89	62.68	70.24	59.48		13.89	81.15	64.38	39.6	60.84	37.95	37.0	38.01	47.01	32.56	48.92	42.76	50.25	48.41	19.21	83.76	29.7	21.59	19.24	36.88	10.0	91.59	19.42	69.18	38.9	64.51	10.3	33.14	18.03	60.88	46.32	27.17	55.32	16.4	45.61	70.21	74.95	
64.64	53.15	46.52	45.01	31.89	31.0	54.74	58.14	20.22	28.3	38.59	8.25	70.72	50.93	69.43	56.6	15.26	41.11	65.62	54.67	1.0	57.45	60.21	66.91	40.82	65.0	34.13	58.31	72.12	48.83	71.06	48.38	13.89		80.45	68.82	45.18	61.22	30.61	25.96	27.46	36.67	19.72	35.36	33.54	38.05	52.2	32.56	71.59	35.85	33.06	23.26	35.23	20.81	79.61	32.89	64.29	44.29	63.29	17.12	23.26	22.09	58.59	59.77	40.26	52.77	30.23	31.89	70.6	76.49	
32.57	49.34	68.15	49.65	50.7	56.73	53.85	70.83	90.52	56.3	88.57	74.71	18.03	83.93	29.0	38.33	75.01	53.34	52.09	91.18	79.61	23.02	28.07	32.06	118.34	68.47	100.77	75.19	18.79	92.14	13.15	62.03	81.15	80.45		30.87	47.1	20.62	109.81	101.24	63.13	59.36	73.55	80.45	110.54	107.06	37.01	91.98	77.16	54.92	70.71	62.03	45.28	90.48	79.06	79.91	26.68	47.17	17.2	70.94	100.9	98.9	22.63	87.13	78.1	28.32	86.88	81.84	12.0	13.6	
4.24	61.39	76.03	57.22	37.22	56.72	66.49	82.87	84.53	40.61	64.26	61.22	13.04	91.05	50.48	12.81	69.46	59.01	69.64	98.13	68.24	27.51	11.0	51.97	109.55	83.43	97.31	86.58	12.08	96.75	18.6	71.25	64.38	68.82	30.87		24.84	19.7	99.4	93.65	62.37	63.13	69.89	82.38	102.08	102.96	16.64	69.77	92.89	34.71	47.89	46.1	37.64	72.01	97.08	56.8	44.78	25.5	26.93	54.45	91.81	82.22	31.38	58.01	52.81	32.76	64.88	82.23	20.62	17.72	
20.62	54.41	63.57	47.51	16.0	41.23	59.08	72.92	62.64	17.09	41.59	37.22	31.32	76.69	53.71	12.04	48.66	47.42	65.86	83.19	44.72	29.73	19.65	53.54	85.96	75.8	76.16	75.77	31.95	80.31	34.37	60.42	39.6	45.18	47.1	24.84		27.07	75.47	70.77	45.4	49.34	50.16	65.12	78.71	81.32	10.2	45.88	85.09	9.9	24.04	21.95	21.54	47.2	90.97	33.24	47.01	1.0	33.73	29.83	68.43	57.38	33.62	42.54	31.02	30.53	40.85	64.0	35.13	37.64	
18.6	42.3	58.31	39.12	30.41	41.63	47.38	64.12	73.41	35.85	68.18	54.92	11.4	73.82	31.24	20.59	57.8	41.59	49.98	81.05	60.44	8.06	10.63	32.45	100.45	64.13	84.91	68.03	13.34	80.52	9.9	53.04	60.84	61.22	20.62	19.7	27.07		91.29	83.63	47.85	46.57	57.14	67.07	92.7	90.97	17.46	71.39	73.55	34.37	50.25	41.63	26.17	70.01	77.49	59.41	25.24	27.02	7.81	50.57	82.73	78.71	11.7	68.68	58.01	14.04	66.29	67.62	9.43	15.81	
95.21	74.73	61.13	68.01	62.48	55.46	74.53	71.03	22.36	58.82	57.01	38.28	101.14	57.07	94.94	87.09	35.78	63.57	85.33	56.92	31.24	86.83	90.79	91.92	11.18	79.01	24.17	69.26	102.59	49.65	101.18	65.62	37.95	30.61	109.81	99.4	75.47	91.29		12.04	49.77	57.57	38.63	44.01	7.21	22.02	82.8	48.09	82.61	65.86	59.48	53.54	65.12	36.06	90.8	55.58	90.79	74.63	92.62	46.07	9.49	26.17	87.42	81.01	63.64	81.61	49.04	40.0	100.57	106.78	
89.55	63.57	49.25	57.27	56.44	45.49	63.06	59.01	11.18	53.71	59.44	34.21	94.02	45.12	84.53	81.84	26.25	52.8	73.76	45.31	26.25	78.49	84.31	81.39	17.2	67.0	13.45	57.22	95.6	38.08	93.51	53.94	37.0	25.96	101.24	93.65	70.77	83.63	12.04		39.45	46.62	28.3	32.0	9.43	13.93	77.03	51.24	70.58	61.68	58.22	49.04	57.63	38.33	78.77	56.14	80.78	69.86	84.17	42.95	5.0	30.89	78.64	82.73	64.07	72.92	50.99	28.02	92.7	99.36	
58.86	26.02	21.21	18.44	29.61	6.4	27.29	32.65	28.3	31.38	60.44	28.18	59.09	31.62	45.19	53.08	14.32	14.14	38.21	37.85	26.48	41.34	51.66	42.15	56.6	38.59	37.64	33.97	60.93	35.01	57.31	21.47	38.01	27.46	63.13	62.37	45.4	47.85	49.77	39.45		9.22	11.18	20.1	48.88	43.93	47.17	56.94	46.23	40.16	47.8	31.06	25.08	47.17	53.82	52.35	41.34	44.41	46.62	33.3	40.31	49.5	40.61	76.61	57.49	35.23	53.25	19.92	56.08	63.53	
60.01	17.26	14.32	10.82	34.44	8.6	18.11	24.84	35.47	37.44	68.82	37.16	57.97	28.02	38.28	55.33	23.02	6.4	29.07	35.01	35.69	39.22	52.15	34.99	63.51	30.0	42.64	26.93	59.91	33.96	55.36	12.81	47.01	36.67	59.36	63.13	49.34	46.57	57.57	46.62	9.22		19.24	21.1	55.95	49.04	49.25	65.76	38.18	45.65	55.17	38.21	27.89	56.3	45.45	60.44	35.38	48.38	43.86	41.62	48.08	58.69	37.58	83.74	65.05	32.89	61.91	22.67	53.85	61.68	
66.1	36.5	26.93	29.41	34.23	17.2	37.01	38.48	17.2	34.06	56.73	23.43	68.1	32.02	56.36	59.44	4.47	25.0	48.01	36.72	18.87	51.22	59.62	53.31	45.49	45.54	27.78	38.59	69.84	31.95	66.85	29.43	32.56	19.72	73.55	69.89	50.16	57.14	38.63	28.3	11.18	19.24		17.0	37.74	33.84	53.85	51.74	51.88	43.1	47.01	31.78	32.31	40.5	59.93	49.65	52.48	49.16	56.73	30.89	29.15	40.8	50.93	75.59	55.95	45.34	48.8	14.56	65.8	72.95	
78.92	35.0	17.72	31.24	49.16	25.71	33.12	27.02	22.56	50.01	73.41	40.22	78.43	15.62	58.05	73.17	20.81	27.2	43.08	19.72	34.66	60.01	71.59	54.56	47.07	35.0	23.77	25.5	80.32	15.3	76.16	23.26	48.92	35.36	80.45	82.38	65.12	67.07	44.01	32.0	20.1	21.1	17.0		40.31	29.97	67.27	67.9	39.05	59.03	63.98	48.38	45.18	55.97	47.3	66.57	55.97	64.12	64.85	47.89	35.23	54.2	58.59	92.59	72.95	53.71	65.3	4.12	74.73	82.46	
97.94	72.8	57.87	66.64	64.9	54.92	72.12	67.12	20.59	61.77	63.2	41.63	102.94	52.24	93.94	90.05	35.61	62.17	82.71	51.42	34.0	87.73	93.01	90.79	7.81	75.17	18.44	65.0	104.48	44.15	102.59	62.82	42.76	33.54	110.54	102.08	78.71	92.7	7.21	9.43	48.88	55.95	37.74	40.31		15.26	85.44	54.45	78.1	69.35	64.33	56.8	66.6	42.05	86.21	61.13	90.21	77.83	93.43	49.98	10.3	32.76	87.97	87.05	69.18	82.22	55.04	36.5	101.83	108.37	
99.01	64.66	47.54	59.82	66.13	50.33	63.06	55.32	18.68	64.29	73.25	46.17	101.87	39.12	87.2	91.76	33.54	55.44	73.01	37.22	38.12	85.0	93.02	83.82	19.24	63.35	6.4	52.61	103.59	30.07	100.69	53.23	50.25	38.05	107.06	102.96	81.32	90.97	22.02	13.93	43.93	49.04	33.84	29.97	15.26		86.54	65.15	65.12	72.78	71.0	60.21	65.76	52.2	73.03	69.58	84.39	80.36	90.43	55.15	18.79	44.72	84.5	96.34	77.41	79.03	64.76	26.93	99.62	106.78	
12.53	50.99	62.97	45.22	20.59	42.0	55.95	71.17	68.03	24.08	51.79	44.69	21.19	77.23	46.4	6.08	53.14	46.1	61.29	84.1	51.61	21.63	9.49	46.75	92.91	73.01	80.99	74.46	21.93	82.05	24.19	58.94	48.41	52.2	37.01	16.64	10.2	17.46	82.8	77.03	47.17	49.25	53.85	67.27	85.44	86.54		55.97	82.46	19.24	34.21	29.7	22.09	56.6	87.66	43.42	39.82	10.44	24.7	38.29	75.17	66.4	25.81	51.24	41.11	24.08	50.92	66.75	25.02	27.51	
65.74	80.06	77.67	71.51	43.0	58.18	82.86	89.31	50.61	37.0	9.22	28.84	77.16	83.44	90.55	57.27	47.42	68.54	93.05	87.21	33.24	71.25	65.46	88.96	59.01	95.52	63.16	90.0	77.83	81.22	79.81	78.39	19.21	32.56	91.98	69.77	45.88	71.39	48.09	51.24	56.94	65.76	51.74	67.9	54.45	65.15	55.97		102.9	37.11	21.93	32.14	51.16	13.0	110.68	13.04	84.29	45.54	76.53	25.0	46.57	22.0	74.06	33.24	19.21	69.0	5.1	64.44	80.28	83.49	
90.8	31.62	25.24	37.59	71.61	46.69	26.57	13.6	61.61	75.29	106.67	74.06	83.86	26.02	48.26	88.39	56.36	38.01	25.08	29.12	70.71	65.51	82.28	45.1	84.01	9.49	60.0	13.6	85.84	35.51	79.4	25.5	83.76	71.59	77.16	92.89	85.09	73.55	82.61	70.58	46.23	38.18	51.88	39.05	78.1	65.12	82.46	102.9		83.01	93.35	76.38	63.81	92.28	8.25	98.49	51.01	84.22	67.6	79.51	74.15	92.31	61.98	121.83	103.24	60.17	99.4	43.17	77.32	85.21	
30.48	53.76	59.94	46.01	11.4	37.12	58.0	70.18	54.13	9.06	34.0	27.73	40.31	71.78	57.25	21.93	41.01	45.0	66.07	77.88	35.47	35.13	28.64	56.46	76.48	74.03	67.9	72.56	41.15	74.33	42.72	57.69	29.7	35.85	54.92	34.71	9.9	34.37	65.86	61.68	40.16	45.65	43.1	59.03	69.35	72.78	19.24	37.11	83.01		16.0	12.65	19.85	37.44	89.5	25.08	50.6	9.22	40.0	20.0	59.09	47.51	38.47	40.0	24.74	34.21	32.02	57.43	43.17	46.62	
43.83	66.29	68.88	58.01	24.7	46.67	70.0	79.98	53.24	19.24	18.0	25.32	55.36	78.39	72.53	35.34	43.66	56.08	79.08	83.63	33.14	51.09	43.68	71.47	70.6	84.9	67.19	81.69	55.97	78.92	58.25	67.88	21.59	33.06	70.71	47.89	24.04	50.25	59.48	58.22	47.8	55.17	47.01	63.98	64.33	71.0	34.21	21.93	93.35	16.0		16.97	33.62	25.81	100.45	9.22	65.97	23.77	56.0	16.49	54.59	36.89	54.33	28.84	10.0	49.82	17.0	61.47	58.86	61.68	
41.87	49.74	52.01	41.34	11.4	29.7	53.25	63.03	41.59	5.83	32.31	15.26	49.65	62.17	58.42	33.6	29.15	39.2	62.65	67.78	22.85	40.02	38.42	56.89	64.01	67.94	55.44	64.82	50.8	63.6	51.0	50.91	19.24	23.26	62.03	46.1	21.95	41.63	53.54	49.04	31.06	38.21	31.78	48.38	56.8	60.21	29.7	32.14	76.38	12.65	16.97		19.03	28.46	83.49	23.26	52.15	21.1	45.61	8.94	46.52	37.22	42.43	45.61	26.91	37.12	27.29	46.32	50.99	55.76	
33.96	33.94	42.06	26.4	8.94	20.1	38.29	51.43	47.71	14.56	50.7	29.55	36.4	55.58	39.46	28.02	32.25	25.94	46.23	62.29	34.41	22.36	27.31	38.08	74.33	54.64	59.93	54.23	38.01	60.01	36.07	38.91	36.88	35.23	45.28	37.64	21.54	26.17	65.12	57.63	25.08	27.89	32.31	45.18	66.6	65.76	22.09	51.16	63.81	19.85	33.62	19.03		46.69	70.0	41.48	33.14	20.62	28.18	27.17	56.59	54.08	24.04	59.82	43.38	18.44	46.27	44.72	35.47	41.77	
67.8	71.81	67.12	63.35	39.85	49.48	74.04	78.77	37.74	34.18	21.21	19.42	77.41	71.59	85.02	59.2	36.06	59.91	84.65	74.97	21.63	68.41	65.86	83.01	47.17	85.43	50.16	79.08	78.39	68.77	79.2	68.54	10.0	20.81	90.48	72.01	47.2	70.01	36.06	38.33	47.17	56.3	40.5	55.97	42.05	52.2	56.6	13.0	92.28	37.44	25.81	28.46	46.69		100.24	19.92	79.16	46.62	74.04	19.65	33.73	11.18	70.61	45.01	27.89	65.12	13.0	52.35	79.31	83.65	
95.27	36.72	33.12	43.6	78.1	53.81	31.91	21.47	69.86	82.07	114.2	81.84	87.32	34.01	50.09	93.47	64.4	44.6	27.66	36.5	78.71	69.57	86.73	47.27	92.01	15.56	68.03	21.84	89.27	43.19	82.57	32.65	91.59	79.61	79.06	97.08	90.97	77.49	90.8	78.77	53.82	45.45	59.93	47.3	86.21	73.03	87.66	110.68	8.25	89.5	100.45	83.49	70.0	100.24		105.89	53.76	90.14	71.06	87.01	82.38	100.46	65.8	128.72	110.39	64.62	107.07	51.42	80.41	88.12	
52.8	72.95	73.55	64.5	32.76	52.2	76.32	84.96	52.89	26.93	9.22	26.42	64.56	81.61	80.81	44.38	45.79	62.13	85.88	86.28	33.24	60.01	52.89	79.56	66.75	90.43	66.49	86.27	65.15	81.01	67.47	73.25	19.42	32.89	79.91	56.8	33.24	59.41	55.58	56.14	52.35	60.44	49.65	66.57	61.13	69.58	43.42	13.04	98.49	25.08	9.22	23.26	41.48	19.92	105.89		74.33	32.98	65.03	19.1	52.01	31.02	63.13	26.93	8.06	58.42	8.49	63.63	68.07	70.88	
43.83	22.85	42.06	24.76	41.59	35.36	27.2	44.15	69.64	47.52	83.55	60.67	33.84	57.7	6.71	44.55	55.01	29.0	26.17	64.88	63.32	18.38	35.61	7.21	97.94	42.05	77.99	48.51	35.74	66.37	28.86	35.78	69.18	64.29	26.68	44.78	47.01	25.24	90.79	80.78	41.34	35.38	52.48	55.97	90.21	84.39	39.82	84.29	51.01	50.6	65.97	52.15	33.14	79.16	53.76	74.33		46.53	17.89	60.0	81.41	85.33	14.14	89.44	75.29	16.55	79.4	57.98	26.68	34.37	
21.26	53.6	62.63	46.65	15.0	40.26	58.25	72.01	61.68	16.16	41.44	36.36	31.62	75.71	53.24	12.73	47.68	46.52	65.12	82.2	43.83	29.41	19.92	53.0	85.09	74.95	75.19	74.85	32.31	79.31	34.53	59.51	38.9	44.29	47.17	25.5	1.0	27.02	74.63	69.86	44.41	48.38	49.16	64.12	77.83	80.36	10.44	45.54	84.22	9.22	23.77	21.1	20.62	46.62	90.14	32.98	46.53		33.54	29.07	67.54	56.73	33.24	42.95	31.0	30.02	40.5	63.0	35.23	37.95	
26.25	37.01	54.34	35.17	34.21	40.22	42.0	59.03	73.55	40.02	74.0	57.7	16.28	70.09	23.6	28.3	57.98	38.28	43.42	77.37	62.43	5.83	18.44	25.06	101.24	58.31	84.2	63.13	18.25	77.49	12.04	48.66	64.51	63.29	17.2	26.93	33.73	7.81	92.62	84.17	46.62	43.86	56.73	64.85	93.43	90.43	24.7	76.53	67.6	40.0	56.0	45.61	28.18	74.04	71.06	65.03	17.89	33.54		54.41	83.74	82.08	6.32	75.89	64.28	11.4	71.45	65.86	10.2	18.25	
50.21	55.15	54.49	46.62	20.25	33.62	58.14	65.95	37.01	14.76	27.2	9.0	58.52	62.68	66.07	41.77	27.31	43.83	68.15	67.6	17.03	48.76	47.2	64.28	56.86	71.61	51.01	67.18	59.64	62.65	59.94	54.41	10.3	17.12	70.94	54.45	29.83	50.57	46.07	42.95	33.3	41.62	30.89	47.89	49.98	55.15	38.29	25.0	79.51	20.0	16.49	8.94	27.17	19.65	87.01	19.1	60.0	29.07	54.41		39.85	28.3	50.99	44.72	25.06	45.54	20.62	45.19	59.93	64.66	
87.66	65.25	52.01	58.52	54.64	46.07	65.12	62.2	13.04	51.48	54.92	31.38	92.85	49.04	85.49	79.76	26.42	54.08	75.95	49.66	23.71	77.99	82.8	82.46	17.8	70.11	18.38	60.67	94.37	42.49	92.63	56.32	33.14	23.26	100.9	91.81	68.43	82.73	9.49	5.0	40.31	48.08	29.15	35.23	10.3	18.79	75.17	46.57	74.15	59.09	54.59	46.52	56.59	33.73	82.38	52.01	81.41	67.54	83.74	39.85		25.94	78.41	78.41	60.0	72.62	46.53	31.14	91.93	98.35	
77.99	75.24	67.68	67.07	48.3	53.04	76.79	79.12	33.3	43.05	31.06	24.74	86.82	69.64	90.8	69.43	36.4	63.2	87.69	72.01	23.09	76.32	75.45	88.46	37.01	86.33	43.83	78.79	87.92	65.3	88.19	70.09	18.03	22.09	98.9	82.22	57.38	78.71	26.17	30.89	49.5	58.69	40.8	54.2	32.76	44.72	66.4	22.0	92.31	47.51	36.89	37.22	54.08	11.18	100.46	31.02	85.33	56.73	82.08	28.3	25.94		78.11	55.15	38.9	72.42	23.54	50.25	88.12	92.96	
30.02	31.02	48.05	28.86	31.14	34.21	36.06	53.0	67.9	37.12	72.25	53.49	22.02	63.79	20.62	30.41	52.4	31.95	38.28	71.06	57.71	4.24	21.63	21.26	95.78	52.61	78.24	57.04	24.02	71.17	18.25	42.43	60.88	58.59	22.63	31.38	33.62	11.7	87.42	78.64	40.61	37.58	50.93	58.59	87.97	84.5	25.81	74.06	61.98	38.47	54.33	42.43	24.04	70.61	65.8	63.13	14.14	33.24	6.32	50.99	78.41	78.11		76.16	63.15	5.83	69.03	59.68	16.49	24.52	
55.15	93.61	97.62	85.63	51.09	75.17	97.67	108.58	79.81	46.67	24.08	52.92	69.46	107.19	96.15	48.84	72.01	84.15	106.04	112.29	60.08	72.24	59.23	95.77	92.05	113.17	93.39	110.42	69.26	107.35	73.98	96.33	46.32	59.77	87.13	58.01	42.54	68.68	81.01	82.73	76.61	83.74	75.59	92.59	87.05	96.34	51.24	33.24	121.83	40.0	28.84	45.61	59.82	45.01	128.72	26.93	89.44	42.95	75.89	44.72	78.41	55.15	76.16		19.7	72.9	32.02	89.9	75.31	75.24	
49.04	76.28	78.64	68.01	34.44	56.59	80.0	89.83	60.42	29.15	11.66	33.24	61.81	87.66	81.91	41.0	52.33	66.07	89.04	92.66	40.52	59.68	50.36	80.99	74.81	94.85	74.15	91.44	62.17	87.66	65.28	77.79	27.17	40.26	78.1	52.81	31.02	58.01	63.64	64.07	57.49	65.05	55.95	72.95	69.18	77.41	41.11	19.21	103.24	24.74	10.0	26.91	43.38	27.89	110.39	8.06	75.29	31.0	64.28	25.06	60.0	38.9	63.15	19.7		58.94	15.65	70.21	66.12	68.07	
30.68	28.64	44.28	25.08	26.0	28.84	33.73	50.25	62.23	32.0	67.6	47.76	25.32	59.84	23.26	29.41	46.69	27.66	37.59	67.08	51.88	6.32	22.14	23.02	90.03	50.7	72.8	54.08	27.29	66.76	22.47	39.01	55.32	52.77	28.32	32.76	30.53	14.04	81.61	72.92	35.23	32.89	45.34	53.71	82.22	79.03	24.08	69.0	60.17	34.21	49.82	37.12	18.44	65.12	64.62	58.42	16.55	30.02	11.4	45.54	72.62	72.42	5.83	72.9	58.94		64.01	54.59	21.02	28.79	
60.83	75.77	74.2	67.23	38.01	54.12	78.72	85.8	49.24	32.02	8.54	25.5	72.11	80.72	85.71	52.33	44.6	64.4	88.77	84.81	30.81	66.19	60.41	84.17	60.13	91.81	62.3	86.68	72.8	79.06	74.73	74.63	16.4	30.23	86.88	64.88	40.85	66.29	49.04	50.99	53.25	61.91	48.8	65.3	55.04	64.76	50.92	5.1	99.4	32.02	17.0	27.29	46.27	13.0	107.07	8.49	79.4	40.5	71.45	20.62	46.53	23.54	69.03	32.02	15.65	64.01		62.01	75.19	78.43	
78.64	37.74	21.38	33.24	48.0	26.0	36.25	31.06	18.44	48.37	70.21	37.22	78.92	19.42	60.44	72.56	17.89	29.0	46.49	22.8	31.24	60.83	71.57	57.01	43.42	39.01	20.59	29.61	80.78	17.46	76.92	26.57	45.61	31.89	81.84	82.23	64.0	67.62	40.0	28.02	19.92	22.67	14.56	4.12	36.5	26.93	66.75	64.44	43.17	57.43	61.47	46.32	44.72	52.35	51.42	63.63	57.98	63.0	65.86	45.19	31.14	50.25	59.68	89.9	70.21	54.59	62.01		75.59	83.19	
21.47	47.1	64.54	45.35	39.82	49.74	52.04	69.12	82.33	45.19	76.66	64.35	7.81	80.28	31.38	26.48	66.71	48.38	52.77	87.56	69.81	14.76	16.12	33.53	109.6	68.12	93.48	73.25	9.43	87.6	2.24	58.86	70.21	70.6	12.0	20.62	35.13	9.43	100.57	92.7	56.08	53.85	65.8	74.73	101.83	99.62	25.02	80.28	77.32	43.17	58.86	50.99	35.47	79.31	80.41	68.07	26.68	35.23	10.2	59.93	91.93	88.12	16.49	75.31	66.12	21.02	75.19	75.59		8.06	
20.1	55.15	72.57	53.37	45.0	57.25	60.07	77.16	89.2	49.93	79.08	69.81	6.32	88.29	38.6	27.17	73.6	56.32	60.53	95.57	75.74	22.47	18.03	41.0	116.1	76.06	100.7	81.3	6.0	95.51	6.32	66.91	74.95	76.49	13.6	17.72	37.64	15.81	106.78	99.36	63.53	61.68	72.95	82.46	108.37	106.78	27.51	83.49	85.21	46.62	61.68	55.76	41.77	83.65	88.12	70.88	34.37	37.95	18.25	64.66	98.35	92.96	24.52	75.24	68.07	28.79	78.43	83.19	8.06		
