n: 22
deposito: 11
clusters: 5
factor: 1

xcoord[n]:
38.24
39.57
40.56
36.26
33.48
37.56
38.42
37.52
41.23
41.17
36.08
38.47
38.15
37.51
35.49
39.36
38.09
36.09
40.44
40.33
40.37
37.57

ycoord[n]:
20.42
26.15
25.32
23.12
10.54
12.19
13.11
20.44
9.1
13.05
-5.21
15.13
15.35
15.17
14.32
19.56
24.36
23.0
13.57
14.15
14.23
22.56

color[n]:
#deb6d2
#13241c
#13241c
#13241c
#33d85d
#deb6d2
#deb6d2
#deb6d2
#49a223
#49a223
#8861a9
#deb6d2
#deb6d2
#deb6d2
#deb6d2
#deb6d2
#13241c
#13241c
#deb6d2
#deb6d2
#deb6d2
#13241c

Np[1]: 11  ;
Np[2]: 2 3 4 17 18 22  ;
Np[3]: 5  ;
Np[4]: 9 10  ;
Np[5]: 1 6 7 8 12 13 14 15 16 19 20 21  ;


c[n,n]:
	5.88	5.42	3.35	10.97	8.26	7.31	0.72	11.71	7.93	25.72	5.29	5.07	5.3	6.69	1.41	3.94	3.36	7.19	6.61	6.55	2.24	
5.88		1.29	4.49	16.76	14.1	13.09	6.07	17.13	13.2	31.55	11.07	10.89	11.17	12.51	6.59	2.32	4.69	12.61	12.02	11.95	4.11	
5.42	1.29		4.83	16.39	13.47	12.4	5.75	16.23	12.29	30.86	10.4	10.26	10.6	12.11	5.88	2.65	5.04	11.75	11.17	11.09	4.07	
3.35	4.49	4.83		12.88	11.01	10.24	2.96	14.87	11.2	28.33	8.29	8.0	8.05	8.83	4.72	2.21	0.21	10.42	9.85	9.79	1.42	
10.97	16.76	16.39	12.88		4.4	5.57	10.69	7.88	8.09	15.96	6.78	6.7	6.14	4.28	10.77	14.57	12.73	7.59	7.74	7.82	12.7	
8.26	14.1	13.47	11.01	4.4		1.26	8.25	4.8	3.71	17.46	3.08	3.21	2.98	2.97	7.59	12.18	10.91	3.19	3.39	3.47	10.37	
7.31	13.09	12.4	10.24	5.57	1.26		7.39	4.9	2.75	18.47	2.02	2.26	2.25	3.17	6.52	11.25	10.16	2.07	2.17	2.25	9.49	
0.72	6.07	5.75	2.96	10.69	8.25	7.39		11.93	8.24	25.69	5.39	5.13	5.27	6.45	2.04	3.96	2.93	7.46	6.89	6.83	2.12	
11.71	17.13	16.23	14.87	7.88	4.8	4.9	11.93		3.95	15.21	6.63	6.97	7.12	7.76	10.63	15.58	14.82	4.54	5.13	5.2	13.95	
7.93	13.2	12.29	11.2	8.09	3.71	2.75	8.24	3.95		18.96	3.41	3.8	4.23	5.82	6.76	11.72	11.17	0.9	1.38	1.43	10.17	
25.72	31.55	30.86	28.33	15.96	17.46	18.47	25.69	15.21	18.96		20.48	20.66	20.43	19.54	24.99	29.64	28.21	19.28	19.82	19.91	27.81	
5.29	11.07	10.4	8.29	6.78	3.08	2.02	5.39	6.63	3.41	20.48		0.39	0.96	3.09	4.52	9.24	8.22	2.51	2.1	2.1	7.48	
5.07	10.89	10.26	8.0	6.7	3.21	2.26	5.13	6.97	3.8	20.66	0.39		0.66	2.85	4.38	9.01	7.92	2.9	2.49	2.49	7.23	
5.3	11.17	10.6	8.05	6.14	2.98	2.25	5.27	7.12	4.23	20.43	0.96	0.66		2.19	4.76	9.21	7.96	3.34	3.0	3.01	7.39	
6.69	12.51	12.11	8.83	4.28	2.97	3.17	6.45	7.76	5.82	19.54	3.09	2.85	2.19		6.51	10.37	8.7	5.01	4.84	4.88	8.5	
1.41	6.59	5.88	4.72	10.77	7.59	6.52	2.04	10.63	6.76	24.99	4.52	4.38	4.76	6.51		4.97	4.75	6.09	5.5	5.42	3.49	
3.94	2.32	2.65	2.21	14.57	12.18	11.25	3.96	15.58	11.72	29.64	9.24	9.01	9.21	10.37	4.97		2.42	11.04	10.45	10.38	1.87	
3.36	4.69	5.04	0.21	12.73	10.91	10.16	2.93	14.82	11.17	28.21	8.22	7.92	7.96	8.7	4.75	2.42		10.38	9.81	9.76	1.54	
7.19	12.61	11.75	10.42	7.59	3.19	2.07	7.46	4.54	0.9	19.28	2.51	2.9	3.34	5.01	6.09	11.04	10.38		0.59	0.66	9.44	
6.61	12.02	11.17	9.85	7.74	3.39	2.17	6.89	5.13	1.38	19.82	2.1	2.49	3.0	4.84	5.5	10.45	9.81	0.59		0.09	8.85	
6.55	11.95	11.09	9.79	7.82	3.47	2.25	6.83	5.2	1.43	19.91	2.1	2.49	3.01	4.88	5.42	10.38	9.76	0.66	0.09		8.79	
2.24	4.11	4.07	1.42	12.7	10.37	9.49	2.12	13.95	10.17	27.81	7.48	7.23	7.39	8.5	3.49	1.87	1.54	9.44	8.85	8.79		
