n: 16
deposito: 11
clusters: 4
factor: 1

xcoord[n]:
38.24
39.57
40.56
36.26
33.48
37.56
38.42
37.52
41.23
41.17
36.08
38.47
38.15
37.51
35.49
39.36

ycoord[n]:
20.42
26.15
25.32
23.12
10.54
12.19
13.11
20.44
9.1
13.05
-5.21
15.13
15.35
15.17
14.32
19.56

color[n]:
#98a69b
#98a69b
#98a69b
#98a69b
#52660a
#71d8fb
#71d8fb
#98a69b
#71d8fb
#71d8fb
#7d5453
#71d8fb
#71d8fb
#52660a
#52660a
#98a69b

Np[1]: 11  ;
Np[2]: 1 2 3 4 8 16  ;
Np[3]: 5 14 15  ;
Np[4]: 6 7 9 10 12 13  ;


c[n,n]:
	5.88	5.42	3.35	10.97	8.26	7.31	0.72	11.71	7.93	25.72	5.29	5.07	5.3	6.69	1.41	
5.88		1.29	4.49	16.76	14.1	13.09	6.07	17.13	13.2	31.55	11.07	10.89	11.17	12.51	6.59	
5.42	1.29		4.83	16.39	13.47	12.4	5.75	16.23	12.29	30.86	10.4	10.26	10.6	12.11	5.88	
3.35	4.49	4.83		12.88	11.01	10.24	2.96	14.87	11.2	28.33	8.29	8.0	8.05	8.83	4.72	
10.97	16.76	16.39	12.88		4.4	5.57	10.69	7.88	8.09	15.96	6.78	6.7	6.14	4.28	10.77	
8.26	14.1	13.47	11.01	4.4		1.26	8.25	4.8	3.71	17.46	3.08	3.21	2.98	2.97	7.59	
7.31	13.09	12.4	10.24	5.57	1.26		7.39	4.9	2.75	18.47	2.02	2.26	2.25	3.17	6.52	
0.72	6.07	5.75	2.96	10.69	8.25	7.39		11.93	8.24	25.69	5.39	5.13	5.27	6.45	2.04	
11.71	17.13	16.23	14.87	7.88	4.8	4.9	11.93		3.95	15.21	6.63	6.97	7.12	7.76	10.63	
7.93	13.2	12.29	11.2	8.09	3.71	2.75	8.24	3.95		18.96	3.41	3.8	4.23	5.82	6.76	
25.72	31.55	30.86	28.33	15.96	17.46	18.47	25.69	15.21	18.96		20.48	20.66	20.43	19.54	24.99	
5.29	11.07	10.4	8.29	6.78	3.08	2.02	5.39	6.63	3.41	20.48		0.39	0.96	3.09	4.52	
5.07	10.89	10.26	8.0	6.7	3.21	2.26	5.13	6.97	3.8	20.66	0.39		0.66	2.85	4.38	
5.3	11.17	10.6	8.05	6.14	2.98	2.25	5.27	7.12	4.23	20.43	0.96	0.66		2.19	4.76	
6.69	12.51	12.11	8.83	4.28	2.97	3.17	6.45	7.76	5.82	19.54	3.09	2.85	2.19		6.51	
1.41	6.59	5.88	4.72	10.77	7.59	6.52	2.04	10.63	6.76	24.99	4.52	4.38	4.76	6.51		
